m = 20;

n = 239;

L = [200, 180, 160, 185, 180, 180, 200, 160, 180, 185, 200, 160, 175, 180, 160, 200, 180, 175, 160, 200];

S = [10, 25, 18, 16, 14, 7, 9, 16, 24, 6, 22, 11, 19, 20, 20, 16, 5, 21, 19, 18, 22, 19, 15, 24, 20, 17, 20, 12, 23, 15, 19, 23, 9, 21, 17, 6, 10, 9, 19, 17, 22, 8, 25, 13, 1, 15, 16, 20, 14, 2, 5, 16, 12, 1, 15, 5, 9, 8, 2, 10, 25, 24, 7, 14, 3, 23, 21, 13, 15, 14, 7, 20, 6, 24, 17, 3, 15, 6, 21, 25, 18, 1, 19, 17, 20, 1, 13, 25, 16, 5, 18, 17, 15, 13, 15, 2, 1, 9, 16, 6, 18, 24, 24, 9, 19, 12, 22, 13, 20, 25, 1, 24, 10, 22, 14, 12, 23, 14, 23, 25, 5, 7, 25, 11, 18, 18, 1, 7, 22, 7, 3, 18, 8, 6, 7, 20, 10, 2, 3, 10, 5, 25, 23, 21, 13, 1, 11, 6, 9, 17, 13, 23, 19, 11, 12, 18, 25, 13, 24, 5, 14, 18, 25, 11, 18, 23, 22, 20, 11, 11, 19, 13, 24, 6, 5, 24, 7, 13, 25, 15, 15, 16, 5, 15, 24, 15, 9, 19, 15, 2, 3, 18, 20, 14, 10, 6, 17, 20, 3, 14, 12, 2, 11, 16, 18, 14, 6, 12, 21, 1, 18, 17, 15, 4, 18, 22, 16, 14, 25, 15, 6, 7, 21, 3, 15, 24, 2, 17, 2, 25, 15, 3, 1, 1, 20, 19, 2, 9, 4];

D = [|0, 110, 127, 46, 111, 122, 123, 95, 116, 129, 57, 118, 136, 113, 49, 5, 82, 85, 7, 77, 32, 44, 84, 117, 153, 87, 99, 91, 79, 101, 170, 117, 45, 99, 85, 79, 97, 142, 29, 95, 124, 171, 95, 70, 111, 111, 110, 33, 119, 73, 34, 134, 155, 85, 70, 89, 23, 72, 75, 53, 56, 120, 78, 109, 55, 117, 66, 116, 165, 100, 73, 94, 117, 117, 42, 125, 114, 133, 85, 77, 68, 101, 95, 53, 96, 79, 122, 72, 144, 31, 51, 62, 163, 27, 130, 45, 145, 139, 92, 92, 87, 70, 144, 71, 81, 107, 136, 121, 98, 123, 137, 132, 121, 12, 72, 98, 20, 120, 72, 168, 98, 98, 101, 58, 68, 195, 93, 120, 41, 126, 40, 87, 65, 117, 86, 124, 112, 151, 130, 139, 86, 64, 89, 79, 121, 120, 111, 79, 72, 71, 79, 193, 89, 40, 76, 140, 55, 57, 57, 37, 62, 102, 78, 77, 81, 110, 210, 43, 185, 113, 155, 105, 59, 113, 127, 86, 78, 83, 92, 9, 98, 104, 76, 34, 128, 157, 77, 80, 60, 113, 187, 126, 59, 36, 108, 85, 78, 110, 116, 4, 102, 110, 69, 102, 134, 119, 102, 119, 34, 63, 50, 95, 88, 69, 103, 98, 73, 93, 155, 76, 96, 127, 20, 43, 99, 91, 82, 75, 91, 90, 71, 112, 93, 168, 77, 168, 94, 85, 99, 88
|110, 0, 84, 68, 78, 137, 16, 148, 97, 90, 97, 93, 87, 22, 73, 111, 28, 42, 103, 86, 116, 94, 26, 113, 48, 23, 12, 100, 79, 62, 150, 92, 96, 25, 77, 43, 86, 210, 82, 25, 201, 95, 27, 150, 183, 59, 9, 119, 44, 45, 78, 50, 115, 42, 88, 49, 109, 64, 61, 112, 60, 64, 33, 67, 55, 110, 44, 8, 59, 58, 43, 35, 113, 126, 85, 15, 62, 211, 58, 86, 79, 135, 103, 101, 54, 84, 47, 47, 198, 79, 92, 56, 241, 83, 20, 128, 40, 29, 21, 73, 76, 71, 124, 153, 62, 68, 87, 72, 50, 24, 83, 110, 53, 104, 60, 115, 130, 72, 38, 115, 71, 12, 32, 98, 61, 92, 18, 33, 72, 16, 92, 56, 68, 7, 94, 58, 51, 76, 61, 65, 53, 84, 37, 32, 78, 71, 1, 60, 121, 114, 76, 90, 48, 79, 56, 86, 78, 73, 69, 113, 96, 64, 32, 47, 55, 79, 146, 128, 81, 88, 80, 127, 52, 44, 71, 41, 90, 43, 21, 102, 107, 56, 68, 123, 112, 146, 85, 66, 107, 99, 118, 120, 89, 87, 136, 25, 90, 63, 184, 106, 33, 68, 88, 28, 89, 99, 67, 35, 125, 51, 73, 66, 70, 62, 7, 17, 75, 17, 171, 83, 42, 135, 98, 119, 66, 143, 61, 124, 19, 101, 62, 3, 22, 63, 85, 76, 26, 37, 25, 66
|127, 84, 0, 81, 16, 54, 68, 67, 14, 6, 71, 9, 9, 63, 78, 128, 70, 46, 120, 50, 104, 113, 69, 30, 44, 68, 78, 36, 49, 26, 67, 10, 83, 59, 42, 52, 30, 128, 98, 90, 120, 45, 58, 83, 102, 111, 91, 121, 40, 72, 93, 132, 31, 46, 57, 40, 106, 88, 52, 77, 71, 20, 71, 19, 75, 27, 65, 91, 71, 100, 71, 50, 30, 43, 86, 96, 23, 130, 42, 50, 59, 54, 32, 75, 32, 108, 37, 73, 116, 96, 77, 79, 159, 100, 85, 97, 48, 111, 64, 35, 40, 57, 41, 116, 46, 20, 9, 12, 98, 106, 11, 27, 31, 117, 56, 36, 147, 12, 66, 41, 29, 73, 53, 70, 59, 69, 77, 51, 86, 86, 88, 40, 62, 77, 41, 26, 34, 25, 25, 22, 43, 63, 48, 59, 6, 13, 83, 48, 60, 60, 48, 67, 40, 88, 80, 13, 73, 70, 91, 91, 66, 25, 66, 77, 48, 17, 83, 122, 59, 14, 28, 47, 72, 40, 14, 86, 49, 83, 64, 119, 30, 29, 51, 129, 29, 63, 50, 47, 70, 16, 60, 37, 69, 92, 55, 70, 49, 22, 103, 123, 52, 18, 58, 56, 7, 16, 25, 49, 144, 67, 77, 32, 39, 58, 83, 91, 55, 71, 88, 106, 43, 52, 116, 88, 28, 63, 45, 144, 72, 37, 56, 81, 86, 57, 50, 42, 59, 50, 59, 39
|46, 68, 81, 0, 65, 79, 78, 87, 71, 83, 33, 72, 90, 68, 7, 47, 50, 39, 39, 32, 52, 32, 50, 72, 107, 50, 62, 46, 34, 55, 125, 71, 31, 54, 40, 33, 52, 149, 17, 73, 140, 125, 49, 88, 122, 90, 75, 53, 73, 50, 12, 113, 109, 39, 27, 43, 43, 51, 29, 48, 10, 74, 51, 63, 25, 72, 34, 76, 119, 79, 50, 48, 72, 72, 19, 82, 68, 150, 39, 32, 23, 76, 50, 38, 50, 59, 76, 51, 137, 15, 28, 41, 180, 19, 85, 64, 99, 96, 48, 46, 42, 25, 99, 89, 35, 61, 90, 75, 77, 90, 91, 87, 75, 37, 26, 56, 66, 74, 45, 122, 52, 58, 55, 34, 22, 149, 60, 74, 5, 81, 27, 41, 20, 72, 42, 78, 66, 105, 84, 93, 40, 21, 43, 40, 75, 74, 68, 33, 59, 52, 34, 147, 43, 11, 55, 94, 14, 12, 37, 49, 33, 56, 46, 56, 35, 64, 164, 63, 139, 67, 109, 68, 22, 67, 81, 65, 34, 62, 48, 38, 53, 58, 31, 55, 83, 112, 33, 35, 44, 68, 141, 81, 25, 21, 77, 52, 34, 64, 123, 42, 56, 64, 26, 57, 88, 73, 56, 73, 63, 17, 7, 49, 43, 23, 67, 74, 28, 55, 113, 56, 50, 82, 35, 56, 53, 82, 36, 63, 56, 46, 25, 68, 69, 122, 33, 122, 49, 39, 54, 42
|111, 78, 16, 65, 0, 59, 63, 72, 19, 18, 55, 15, 25, 58, 62, 112, 63, 36, 104, 35, 88, 97, 62, 35, 43, 61, 72, 26, 33, 16, 72, 14, 67, 54, 26, 38, 14, 133, 82, 84, 125, 60, 51, 76, 107, 104, 85, 105, 35, 64, 77, 126, 44, 36, 41, 29, 90, 73, 36, 61, 55, 15, 64, 13, 59, 32, 51, 86, 66, 93, 63, 44, 35, 48, 70, 91, 18, 135, 26, 35, 44, 59, 27, 59, 25, 92, 32, 66, 121, 80, 61, 64, 164, 84, 80, 81, 43, 106, 57, 19, 24, 41, 46, 100, 30, 13, 25, 10, 91, 100, 26, 32, 26, 101, 40, 41, 131, 9, 58, 57, 13, 67, 47, 54, 43, 84, 71, 46, 70, 81, 72, 24, 46, 72, 25, 21, 29, 40, 21, 28, 27, 47, 41, 52, 10, 9, 78, 32, 47, 45, 32, 82, 30, 72, 70, 29, 57, 54, 75, 75, 50, 14, 59, 70, 32, 1, 99, 106, 74, 10, 44, 52, 56, 35, 16, 79, 33, 76, 57, 103, 33, 23, 35, 113, 34, 68, 34, 31, 54, 21, 76, 42, 53, 76, 60, 63, 33, 17, 108, 107, 46, 12, 42, 51, 23, 21, 11, 44, 128, 51, 61, 16, 23, 42, 77, 85, 39, 65, 93, 90, 37, 57, 100, 72, 14, 68, 29, 128, 66, 27, 40, 76, 80, 58, 34, 57, 52, 42, 54, 23
|122, 137, 54, 79, 59, 0, 121, 30, 40, 49, 66, 45, 52, 116, 73, 123, 122, 95, 115, 51, 99, 108, 121, 24, 98, 120, 131, 37, 58, 75, 51, 45, 78, 112, 61, 95, 51, 74, 93, 143, 66, 56, 110, 75, 48, 163, 144, 116, 93, 123, 88, 185, 37, 95, 52, 88, 101, 124, 76, 71, 83, 73, 123, 72, 98, 27, 107, 144, 124, 152, 122, 103, 24, 11, 81, 149, 76, 76, 79, 51, 60, 22, 35, 70, 84, 132, 90, 124, 62, 91, 72, 114, 105, 95, 138, 91, 101, 164, 116, 65, 61, 67, 26, 109, 75, 72, 52, 65, 150, 159, 56, 29, 84, 112, 77, 25, 142, 66, 117, 51, 67, 126, 106, 65, 78, 80, 130, 104, 81, 139, 83, 81, 72, 130, 44, 79, 87, 67, 78, 76, 84, 58, 100, 111, 59, 66, 136, 77, 53, 53, 61, 78, 89, 83, 128, 55, 68, 69, 111, 86, 61, 73, 118, 129, 82, 59, 92, 117, 93, 49, 64, 18, 95, 93, 67, 138, 47, 135, 116, 114, 30, 82, 69, 124, 26, 38, 52, 71, 64, 38, 70, 18, 64, 87, 15, 122, 47, 76, 49, 118, 105, 71, 53, 109, 50, 38, 70, 102, 139, 90, 72, 72, 67, 77, 136, 144, 63, 124, 34, 129, 96, 8, 111, 82, 72, 34, 76, 139, 125, 36, 75, 134, 139, 111, 52, 69, 111, 101, 112, 71
|123, 16, 68, 78, 63, 121, 0, 134, 81, 74, 84, 77, 71, 10, 75, 124, 41, 40, 116, 73, 105, 107, 39, 97, 34, 36, 27, 87, 66, 47, 134, 76, 84, 24, 64, 45, 73, 195, 95, 40, 187, 79, 29, 137, 169, 74, 24, 120, 28, 58, 90, 65, 99, 40, 75, 36, 105, 77, 49, 99, 68, 48, 46, 51, 68, 94, 57, 23, 45, 72, 56, 31, 97, 110, 84, 28, 46, 197, 45, 73, 66, 121, 89, 88, 40, 97, 31, 60, 183, 92, 80, 69, 226, 96, 17, 115, 26, 43, 31, 59, 63, 59, 108, 140, 49, 52, 71, 56, 65, 39, 67, 94, 37, 115, 52, 102, 143, 56, 51, 99, 56, 26, 23, 85, 56, 78, 32, 17, 83, 18, 87, 43, 59, 9, 81, 42, 35, 60, 45, 49, 40, 71, 36, 45, 62, 55, 15, 48, 108, 101, 63, 76, 35, 85, 69, 70, 71, 67, 82, 100, 83, 49, 45, 60, 43, 64, 130, 122, 67, 72, 64, 114, 65, 28, 55, 54, 77, 57, 31, 115, 94, 40, 55, 126, 96, 130, 72, 53, 94, 83, 102, 104, 76, 89, 122, 38, 77, 47, 170, 119, 22, 52, 75, 21, 73, 83, 52, 19, 138, 62, 74, 52, 57, 55, 22, 32, 62, 31, 155, 96, 28, 119, 111, 106, 51, 130, 48, 137, 33, 88, 53, 13, 37, 49, 72, 60, 29, 39, 24, 53
|95, 148, 67, 87, 72, 30, 134, 0, 53, 62, 54, 58, 65, 129, 80, 96, 133, 106, 89, 62, 71, 112, 132, 37, 111, 131, 142, 48, 69, 88, 81, 58, 58, 124, 72, 106, 64, 62, 89, 154, 53, 86, 121, 46, 35, 174, 155, 88, 106, 134, 85, 196, 67, 106, 63, 99, 74, 135, 87, 42, 94, 86, 134, 85, 109, 40, 118, 156, 137, 163, 133, 114, 37, 28, 69, 161, 89, 63, 90, 62, 71, 13, 48, 51, 97, 143, 103, 135, 50, 95, 60, 125, 93, 93, 151, 62, 114, 176, 127, 78, 73, 78, 56, 80, 86, 85, 65, 78, 161, 170, 69, 44, 97, 85, 88, 33, 115, 79, 128, 81, 80, 137, 117, 53, 89, 110, 141, 117, 87, 151, 62, 92, 83, 142, 55, 92, 100, 80, 91, 89, 95, 67, 111, 122, 72, 79, 148, 88, 28, 35, 72, 108, 100, 77, 139, 68, 73, 78, 122, 58, 55, 86, 129, 140, 93, 72, 122, 89, 107, 62, 77, 21, 106, 106, 80, 149, 59, 146, 127, 88, 42, 95, 80, 96, 40, 68, 63, 82, 43, 51, 100, 38, 62, 68, 15, 133, 59, 89, 36, 91, 116, 84, 63, 121, 63, 51, 83, 115, 113, 101, 80, 84, 79, 88, 147, 155, 74, 135, 62, 140, 107, 38, 91, 53, 85, 5, 87, 143, 136, 47, 86, 146, 150, 124, 63, 83, 122, 112, 124, 82
|116, 97, 14, 71, 19, 40, 81, 53, 0, 14, 60, 5, 21, 76, 67, 117, 82, 55, 109, 39, 93, 102, 81, 16, 58, 80, 91, 25, 38, 35, 55, 5, 72, 72, 31, 56, 19, 114, 87, 103, 106, 57, 70, 72, 88, 123, 104, 110, 53, 83, 82, 145, 40, 55, 46, 48, 95, 87, 42, 66, 61, 33, 83, 32, 65, 13, 69, 104, 84, 112, 82, 63, 16, 29, 75, 109, 36, 116, 40, 39, 48, 40, 21, 64, 44, 98, 50, 85, 102, 85, 66, 77, 145, 89, 98, 86, 61, 124, 76, 25, 29, 46, 30, 105, 36, 32, 21, 25, 110, 119, 23, 17, 44, 106, 46, 22, 136, 26, 77, 53, 27, 86, 66, 59, 49, 81, 90, 64, 75, 99, 77, 42, 51, 90, 30, 39, 47, 37, 38, 36, 45, 52, 60, 71, 19, 26, 96, 38, 49, 49, 37, 79, 49, 77, 89, 25, 62, 59, 81, 80, 55, 33, 78, 89, 43, 19, 95, 111, 71, 9, 40, 33, 62, 53, 27, 98, 38, 95, 76, 108, 18, 42, 40, 118, 15, 50, 39, 37, 59, 3, 72, 23, 58, 81, 41, 82, 38, 36, 89, 112, 65, 31, 47, 69, 19, 3, 30, 62, 133, 57, 66, 32, 29, 48, 96, 104, 44, 84, 74, 96, 56, 38, 105, 77, 32, 49, 37, 133, 85, 26, 46, 94, 99, 71, 39, 54, 71, 61, 72, 32
|129, 90, 6, 83, 18, 49, 74, 62, 14, 0, 73, 11, 7, 69, 80, 130, 76, 49, 122, 52, 106, 115, 75, 25, 50, 74, 84, 38, 51, 29, 61, 12, 85, 65, 44, 55, 32, 123, 100, 96, 115, 43, 64, 85, 97, 117, 97, 123, 46, 77, 95, 138, 26, 49, 59, 43, 108, 91, 54, 79, 73, 26, 77, 25, 77, 22, 68, 97, 77, 106, 76, 56, 25, 38, 88, 102, 29, 125, 44, 52, 61, 49, 34, 77, 38, 110, 43, 79, 111, 98, 79, 82, 154, 102, 91, 99, 54, 117, 70, 37, 42, 59, 35, 118, 48, 24, 7, 18, 104, 112, 9, 21, 37, 119, 58, 36, 149, 18, 71, 39, 31, 79, 59, 72, 61, 67, 83, 57, 88, 92, 90, 42, 64, 83, 43, 32, 40, 23, 31, 28, 45, 65, 54, 65, 12, 19, 89, 50, 62, 62, 50, 65, 43, 90, 83, 11, 75, 72, 93, 93, 68, 28, 72, 83, 50, 19, 81, 124, 57, 16, 26, 42, 74, 46, 20, 92, 51, 89, 70, 121, 32, 35, 53, 131, 24, 57, 52, 49, 72, 17, 58, 32, 71, 94, 50, 76, 51, 28, 98, 125, 58, 24, 60, 62, 5, 11, 28, 55, 146, 69, 79, 34, 41, 60, 89, 97, 57, 77, 83, 108, 49, 47, 118, 90, 31, 58, 47, 146, 78, 39, 58, 87, 92, 63, 52, 40, 65, 55, 65, 41
|57, 97, 71, 33, 55, 66, 84, 54, 60, 73, 0, 62, 80, 78, 26, 58, 82, 55, 51, 21, 34, 58, 81, 61, 98, 80, 91, 35, 23, 47, 114, 61, 13, 73, 30, 55, 41, 116, 35, 103, 107, 115, 70, 55, 89, 123, 104, 51, 66, 83, 31, 145, 99, 55, 14, 48, 36, 84, 36, 15, 40, 64, 83, 53, 58, 61, 67, 105, 109, 112, 82, 63, 61, 61, 15, 110, 58, 117, 39, 21, 18, 44, 39, 5, 47, 92, 68, 84, 104, 41, 6, 74, 147, 39, 100, 31, 90, 125, 76, 36, 31, 26, 88, 56, 35, 51, 80, 65, 110, 119, 81, 76, 65, 47, 37, 41, 77, 64, 77, 112, 42, 86, 66, 1, 36, 139, 90, 70, 33, 100, 18, 41, 30, 91, 30, 68, 58, 95, 74, 83, 44, 13, 60, 71, 65, 64, 97, 37, 26, 19, 25, 137, 49, 23, 88, 84, 19, 24, 70, 21, 5, 46, 78, 89, 42, 54, 154, 52, 129, 57, 99, 48, 55, 61, 71, 98, 22, 95, 76, 50, 42, 51, 29, 58, 72, 101, 21, 31, 11, 57, 131, 70, 8, 21, 51, 82, 22, 54, 90, 53, 65, 54, 13, 70, 78, 63, 46, 68, 74, 50, 26, 41, 34, 36, 96, 104, 22, 84, 98, 89, 56, 71, 46, 23, 44, 49, 36, 89, 85, 34, 35, 95, 99, 113, 21, 112, 71, 61, 73, 35
|118, 93, 9, 72, 15, 45, 77, 58, 5, 11, 62, 0, 18, 72, 69, 119, 78, 51, 111, 41, 95, 104, 77, 21, 53, 76, 87, 27, 40, 31, 58, 1, 74, 68, 33, 51, 21, 119, 89, 99, 111, 54, 66, 74, 93, 119, 100, 112, 49, 79, 84, 141, 37, 51, 48, 44, 97, 82, 43, 68, 62, 29, 79, 28, 66, 18, 64, 100, 80, 108, 78, 59, 21, 34, 77, 105, 32, 121, 35, 41, 50, 45, 23, 66, 40, 99, 46, 81, 107, 87, 68, 73, 150, 91, 94, 88, 57, 120, 72, 26, 31, 48, 32, 107, 37, 27, 18, 21, 106, 115, 20, 18, 40, 108, 47, 27, 138, 21, 73, 50, 23, 82, 62, 61, 50, 78, 86, 60, 77, 95, 79, 37, 53, 86, 32, 35, 43, 34, 34, 31, 40, 54, 56, 67, 15, 22, 92, 39, 51, 51, 39, 76, 45, 79, 85, 22, 64, 61, 82, 82, 57, 29, 74, 85, 40, 14, 92, 113, 68, 5, 37, 38, 63, 49, 23, 94, 40, 91, 72, 110, 21, 38, 42, 120, 20, 54, 41, 38, 61, 7, 69, 28, 60, 83, 46, 78, 40, 31, 94, 114, 61, 27, 49, 65, 16, 7, 26, 58, 135, 58, 68, 28, 30, 49, 92, 100, 46, 80, 79, 97, 52, 43, 107, 79, 28, 54, 36, 135, 81, 28, 47, 90, 95, 66, 41, 51, 67, 57, 68, 30
|136, 87, 9, 90, 25, 52, 71, 65, 21, 7, 80, 18, 0, 66, 87, 137, 74, 55, 129, 59, 113, 122, 72, 28, 47, 71, 81, 45, 58, 35, 64, 19, 92, 62, 51, 61, 39, 126, 107, 93, 118, 36, 61, 92, 100, 114, 94, 130, 43, 77, 102, 135, 28, 55, 66, 49, 115, 96, 61, 86, 80, 23, 74, 27, 84, 25, 74, 94, 74, 104, 75, 53, 28, 41, 95, 99, 26, 128, 51, 59, 68, 52, 41, 84, 40, 116, 40, 79, 114, 105, 86, 88, 157, 109, 88, 106, 51, 114, 67, 44, 49, 66, 38, 125, 55, 29, 0, 15, 101, 109, 4, 24, 34, 126, 65, 43, 156, 16, 71, 32, 38, 76, 56, 79, 68, 60, 80, 54, 95, 89, 97, 49, 71, 80, 50, 29, 37, 16, 28, 25, 52, 72, 52, 63, 15, 16, 86, 57, 69, 69, 57, 58, 49, 97, 88, 4, 82, 79, 100, 100, 75, 34, 70, 81, 57, 26, 74, 131, 50, 23, 19, 45, 81, 43, 16, 89, 58, 87, 67, 128, 39, 33, 60, 138, 27, 60, 59, 56, 79, 24, 51, 35, 78, 101, 53, 73, 58, 26, 101, 132, 55, 26, 67, 59, 2, 18, 34, 52, 153, 76, 86, 41, 48, 67, 86, 94, 64, 74, 86, 115, 47, 50, 125, 97, 37, 61, 54, 153, 75, 46, 65, 84, 89, 60, 59, 33, 62, 56, 62, 48
|113, 22, 63, 68, 58, 116, 10, 129, 76, 69, 78, 72, 66, 0, 65, 114, 31, 30, 106, 67, 99, 97, 29, 92, 44, 26, 17, 81, 60, 42, 129, 71, 78, 14, 58, 35, 67, 190, 85, 31, 182, 74, 19, 131, 164, 64, 30, 110, 23, 48, 80, 71, 94, 30, 69, 30, 95, 67, 43, 93, 58, 43, 36, 46, 58, 89, 47, 29, 55, 62, 46, 21, 92, 105, 74, 34, 41, 192, 39, 67, 60, 116, 84, 82, 34, 87, 26, 50, 178, 82, 74, 59, 221, 86, 23, 109, 36, 49, 21, 54, 57, 53, 103, 134, 43, 47, 66, 51, 55, 45, 62, 89, 32, 105, 42, 96, 133, 51, 41, 94, 51, 16, 13, 79, 46, 88, 22, 12, 73, 24, 77, 37, 50, 15, 75, 37, 30, 55, 40, 44, 34, 65, 26, 35, 57, 50, 21, 42, 102, 95, 57, 86, 29, 75, 59, 65, 61, 57, 72, 94, 77, 44, 35, 50, 37, 59, 125, 112, 77, 67, 59, 108, 55, 23, 50, 44, 71, 47, 21, 105, 88, 35, 49, 116, 91, 125, 66, 47, 88, 78, 97, 99, 70, 79, 117, 28, 71, 42, 165, 109, 13, 47, 69, 11, 68, 78, 47, 14, 128, 52, 64, 47, 51, 45, 22, 31, 56, 21, 150, 86, 22, 114, 101, 100, 46, 124, 42, 127, 23, 82, 44, 19, 27, 59, 66, 61, 19, 29, 14, 47
|49, 73, 78, 7, 62, 73, 75, 80, 67, 80, 26, 69, 87, 65, 0, 50, 57, 36, 42, 28, 45, 35, 57, 68, 104, 56, 67, 42, 30, 52, 121, 68, 24, 51, 36, 30, 48, 142, 20, 79, 133, 122, 46, 81, 115, 97, 80, 46, 70, 57, 15, 120, 106, 36, 21, 40, 36, 58, 26, 41, 14, 71, 58, 60, 32, 68, 41, 81, 116, 86, 57, 45, 68, 68, 12, 86, 65, 143, 36, 28, 19, 70, 46, 31, 47, 66, 73, 58, 130, 18, 21, 48, 173, 22, 82, 57, 96, 101, 52, 43, 38, 21, 95, 82, 32, 58, 87, 72, 84, 95, 88, 83, 72, 40, 23, 50, 69, 71, 52, 119, 49, 62, 52, 27, 19, 146, 66, 71, 8, 78, 20, 38, 16, 69, 37, 75, 63, 102, 81, 90, 37, 15, 40, 47, 72, 71, 73, 30, 52, 45, 30, 144, 40, 10, 62, 91, 7, 8, 44, 42, 26, 53, 53, 63, 32, 61, 161, 56, 136, 64, 106, 62, 29, 64, 78, 72, 29, 69, 52, 41, 49, 55, 27, 51, 79, 108, 28, 31, 37, 64, 138, 77, 18, 14, 71, 58, 29, 61, 116, 45, 53, 61, 20, 54, 85, 70, 53, 70, 66, 24, 1, 46, 39, 20, 72, 80, 24, 60, 107, 63, 47, 78, 38, 49, 50, 75, 33, 66, 61, 41, 22, 71, 75, 119, 28, 119, 47, 37, 51, 39
|5, 111, 128, 47, 112, 123, 124, 96, 117, 130, 58, 119, 137, 114, 50, 0, 83, 86, 8, 78, 37, 40, 85, 118, 154, 88, 100, 92, 80, 102, 171, 118, 46, 100, 86, 80, 98, 143, 30, 91, 129, 172, 96, 75, 112, 107, 111, 38, 120, 68, 35, 130, 156, 86, 71, 90, 28, 68, 76, 54, 57, 121, 79, 110, 56, 118, 67, 117, 166, 96, 70, 95, 118, 118, 43, 126, 115, 138, 86, 78, 69, 102, 96, 54, 97, 75, 123, 68, 145, 32, 52, 58, 168, 28, 131, 50, 146, 140, 93, 93, 88, 71, 145, 76, 82, 108, 137, 122, 94, 124, 138, 133, 122, 17, 73, 99, 19, 121, 73, 169, 99, 99, 102, 59, 69, 196, 94, 121, 42, 127, 41, 88, 66, 118, 87, 125, 113, 152, 131, 140, 87, 65, 90, 80, 122, 121, 112, 80, 73, 72, 80, 194, 90, 41, 72, 141, 56, 58, 53, 38, 63, 103, 79, 73, 82, 111, 211, 48, 186, 114, 156, 106, 60, 114, 128, 82, 79, 79, 93, 9, 99, 105, 77, 39, 129, 158, 78, 81, 61, 114, 188, 127, 60, 37, 109, 86, 79, 111, 117, 5, 103, 111, 70, 103, 135, 120, 103, 120, 29, 64, 51, 96, 89, 70, 104, 97, 74, 94, 156, 72, 97, 128, 16, 44, 100, 92, 83, 71, 92, 91, 72, 113, 93, 169, 78, 169, 95, 86, 100, 89
|82, 28, 70, 50, 63, 122, 41, 133, 82, 76, 82, 78, 74, 31, 57, 83, 0, 27, 75, 71, 101, 66, 2, 98, 74, 5, 17, 85, 64, 47, 135, 77, 81, 17, 62, 28, 71, 195, 54, 23, 186, 93, 13, 135, 168, 42, 28, 103, 40, 17, 55, 65, 101, 27, 73, 34, 93, 36, 46, 97, 43, 52, 5, 52, 27, 95, 16, 34, 86, 31, 15, 21, 98, 111, 69, 43, 48, 196, 43, 71, 64, 120, 88, 86, 39, 56, 43, 19, 183, 51, 77, 28, 226, 55, 48, 113, 66, 57, 10, 58, 61, 56, 109, 138, 47, 53, 74, 59, 29, 41, 71, 95, 43, 84, 45, 100, 102, 58, 10, 103, 56, 16, 19, 83, 46, 117, 11, 41, 51, 44, 77, 41, 53, 35, 79, 46, 37, 73, 52, 61, 38, 69, 22, 11, 65, 58, 29, 45, 106, 99, 61, 115, 33, 61, 28, 74, 63, 58, 41, 98, 81, 49, 4, 19, 40, 64, 134, 113, 107, 73, 77, 112, 28, 35, 59, 17, 75, 16, 10, 74, 92, 41, 53, 105, 97, 131, 70, 51, 92, 84, 110, 105, 74, 71, 121, 3, 75, 48, 169, 78, 20, 53, 73, 20, 76, 84, 52, 40, 97, 33, 57, 51, 55, 47, 21, 24, 60, 11, 156, 55, 27, 120, 70, 104, 51, 128, 46, 96, 9, 86, 47, 30, 19, 89, 70, 90, 12, 21, 17, 51
|85, 42, 46, 39, 36, 95, 40, 106, 55, 49, 55, 51, 55, 30, 36, 86, 27, 0, 78, 44, 74, 71, 26, 71, 72, 25, 36, 58, 37, 20, 108, 50, 54, 18, 35, 6, 44, 168, 56, 48, 159, 90, 15, 108, 141, 68, 49, 80, 38, 28, 51, 90, 75, 0, 46, 7, 67, 42, 19, 70, 29, 39, 28, 28, 30, 68, 19, 50, 84, 57, 27, 9, 71, 84, 44, 55, 33, 169, 16, 44, 37, 93, 61, 59, 15, 62, 41, 30, 156, 54, 50, 33, 199, 58, 48, 86, 64, 70, 21, 31, 34, 29, 82, 111, 20, 26, 55, 40, 55, 64, 56, 68, 40, 76, 18, 73, 105, 39, 22, 87, 29, 31, 17, 56, 19, 114, 35, 39, 44, 45, 50, 14, 26, 36, 52, 43, 31, 70, 49, 58, 11, 42, 5, 16, 40, 39, 42, 18, 79, 72, 34, 112, 6, 46, 34, 59, 36, 31, 46, 71, 54, 22, 23, 34, 13, 37, 129, 86, 104, 46, 74, 85, 26, 32, 46, 43, 48, 40, 21, 77, 65, 23, 26, 87, 70, 104, 43, 24, 65, 57, 106, 78, 47, 50, 94, 27, 48, 29, 142, 81, 18, 29, 46, 19, 53, 57, 25, 38, 102, 23, 35, 24, 28, 20, 41, 49, 33, 29, 129, 61, 13, 93, 74, 77, 24, 101, 19, 101, 30, 59, 20, 40, 44, 87, 43, 87, 16, 6, 18, 24
|7, 103, 120, 39, 104, 115, 116, 89, 109, 122, 51, 111, 129, 106, 42, 8, 75, 78, 0, 70, 38, 38, 77, 110, 146, 80, 92, 84, 72, 94, 163, 110, 38, 92, 78, 72, 90, 139, 22, 89, 130, 164, 88, 76, 112, 105, 103, 39, 112, 67, 27, 128, 148, 78, 63, 82, 29, 66, 68, 47, 49, 113, 71, 102, 48, 110, 59, 109, 158, 94, 67, 87, 110, 110, 36, 118, 107, 139, 78, 70, 61, 95, 88, 46, 89, 73, 115, 66, 139, 24, 45, 56, 169, 20, 123, 51, 138, 132, 85, 85, 80, 63, 137, 77, 74, 100, 129, 114, 92, 116, 130, 125, 114, 18, 65, 92, 27, 113, 65, 161, 91, 91, 94, 51, 61, 188, 86, 113, 34, 119, 33, 80, 58, 110, 79, 117, 105, 144, 123, 132, 79, 57, 82, 72, 114, 113, 104, 72, 66, 64, 72, 186, 82, 33, 70, 133, 48, 50, 51, 36, 56, 95, 71, 71, 74, 103, 203, 49, 178, 106, 148, 99, 52, 106, 120, 80, 71, 77, 85, 3, 91, 97, 69, 40, 121, 150, 70, 73, 53, 106, 180, 119, 53, 30, 102, 78, 71, 103, 113, 5, 95, 103, 62, 95, 127, 112, 95, 112, 28, 56, 43, 88, 81, 62, 96, 92, 66, 86, 149, 70, 89, 120, 14, 44, 92, 85, 75, 69, 84, 83, 64, 105, 87, 161, 70, 161, 87, 78, 92, 81
|77, 86, 50, 32, 35, 51, 73, 62, 39, 52, 21, 41, 59, 67, 28, 78, 71, 44, 70, 0, 54, 63, 70, 40, 78, 69, 80, 14, 7, 27, 93, 40, 33, 62, 10, 44, 21, 124, 48, 92, 115, 95, 59, 64, 97, 112, 93, 71, 47, 72, 43, 134, 78, 44, 7, 37, 56, 73, 25, 27, 32, 44, 72, 33, 47, 40, 56, 94, 89, 101, 71, 52, 40, 40, 36, 99, 38, 125, 28, 0, 9, 49, 18, 25, 35, 81, 48, 73, 112, 46, 27, 63, 155, 50, 89, 47, 70, 114, 65, 16, 11, 16, 67, 67, 24, 31, 59, 45, 99, 108, 61, 55, 45, 67, 26, 29, 97, 44, 66, 91, 22, 75, 55, 20, 27, 119, 79, 57, 36, 89, 38, 30, 21, 80, 10, 48, 39, 75, 54, 63, 33, 13, 49, 60, 45, 44, 86, 26, 35, 28, 10, 117, 38, 38, 77, 63, 23, 20, 60, 41, 16, 26, 67, 78, 31, 34, 133, 72, 109, 36, 78, 41, 44, 46, 51, 87, 4, 84, 65, 69, 21, 34, 18, 79, 51, 80, 1, 20, 21, 36, 110, 49, 19, 42, 50, 71, 4, 34, 98, 73, 54, 34, 8, 59, 57, 42, 26, 55, 94, 39, 27, 22, 17, 26, 85, 93, 12, 73, 85, 78, 45, 50, 66, 38, 24, 57, 25, 94, 74, 15, 24, 84, 88, 93, 1, 92, 60, 50, 62, 20
|32, 116, 104, 52, 88, 99, 105, 71, 93, 106, 34, 95, 113, 99, 45, 37, 101, 74, 38, 54, 0, 76, 100, 94, 131, 99, 110, 68, 56, 80, 147, 94, 21, 92, 63, 74, 74, 118, 53, 122, 94, 148, 89, 38, 87, 142, 123, 17, 99, 102, 49, 164, 132, 74, 47, 70, 9, 103, 56, 29, 59, 97, 102, 86, 77, 94, 86, 124, 142, 131, 101, 83, 94, 94, 33, 129, 91, 101, 66, 54, 46, 78, 72, 29, 77, 111, 101, 103, 120, 59, 28, 93, 131, 57, 121, 13, 123, 144, 95, 69, 64, 50, 121, 39, 62, 84, 113, 98, 129, 138, 114, 109, 98, 20, 57, 75, 52, 97, 96, 145, 75, 105, 87, 34, 55, 172, 109, 101, 52, 119, 25, 68, 50, 110, 63, 101, 91, 128, 107, 116, 66, 42, 79, 90, 98, 97, 116, 60, 48, 47, 58, 170, 70, 41, 107, 117, 38, 43, 89, 13, 39, 79, 97, 108, 62, 87, 187, 18, 162, 90, 132, 82, 74, 94, 104, 117, 55, 114, 95, 41, 75, 84, 56, 25, 105, 134, 54, 60, 36, 90, 164, 103, 36, 31, 85, 101, 55, 87, 92, 33, 86, 87, 46, 91, 111, 96, 79, 100, 66, 69, 45, 74, 67, 55, 115, 123, 51, 103, 132, 108, 77, 104, 52, 18, 77, 67, 63, 107, 104, 67, 55, 114, 118, 146, 54, 145, 90, 80, 92, 68
|44, 94, 113, 32, 97, 108, 107, 112, 102, 115, 58, 104, 122, 97, 35, 40, 66, 71, 38, 63, 76, 0, 68, 103, 139, 71, 83, 77, 65, 87, 156, 103, 55, 83, 71, 65, 83, 174, 23, 71, 165, 157, 79, 113, 147, 71, 94, 77, 105, 49, 28, 94, 141, 71, 56, 75, 67, 30, 61, 73, 42, 106, 62, 95, 41, 103, 52, 100, 151, 59, 51, 79, 103, 103, 43, 109, 100, 175, 71, 63, 54, 102, 81, 62, 82, 35, 108, 47, 162, 17, 52, 39, 205, 20, 114, 89, 131, 123, 76, 78, 73, 56, 130, 114, 67, 93, 122, 107, 58, 107, 123, 118, 107, 56, 58, 85, 36, 106, 56, 154, 84, 82, 85, 59, 54, 181, 77, 106, 27, 110, 51, 73, 51, 101, 72, 110, 98, 137, 116, 125, 72, 50, 74, 63, 107, 106, 95, 65, 84, 77, 65, 179, 75, 35, 38, 126, 41, 43, 25, 73, 58, 88, 62, 49, 67, 96, 196, 87, 171, 99, 141, 94, 45, 99, 113, 56, 64, 53, 76, 35, 84, 90, 62, 78, 114, 143, 63, 66, 69, 99, 173, 112, 50, 45, 103, 69, 64, 96, 148, 43, 86, 96, 55, 86, 120, 105, 88, 105, 31, 49, 36, 81, 74, 55, 87, 78, 59, 77, 142, 32, 82, 113, 24, 81, 85, 107, 68, 31, 75, 76, 57, 96, 74, 154, 63, 154, 78, 71, 83, 74
|84, 26, 69, 50, 62, 121, 39, 132, 81, 75, 81, 77, 72, 29, 57, 85, 2, 26, 77, 70, 100, 68, 0, 97, 72, 3, 15, 84, 63, 46, 134, 76, 80, 15, 61, 27, 70, 194, 56, 23, 185, 91, 11, 134, 167, 43, 26, 103, 38, 19, 55, 65, 100, 26, 72, 33, 93, 38, 45, 96, 43, 50, 7, 51, 29, 94, 18, 32, 84, 33, 17, 19, 97, 110, 69, 41, 46, 195, 42, 70, 63, 119, 87, 85, 38, 58, 41, 21, 182, 53, 76, 30, 225, 57, 46, 112, 64, 55, 8, 57, 60, 55, 108, 137, 46, 52, 72, 57, 30, 41, 69, 94, 41, 84, 44, 99, 104, 57, 12, 101, 55, 14, 17, 82, 45, 115, 10, 39, 51, 42, 76, 40, 52, 33, 78, 44, 35, 71, 50, 59, 37, 68, 21, 10, 63, 56, 27, 44, 105, 98, 60, 113, 32, 61, 30, 72, 62, 57, 43, 97, 80, 48, 6, 21, 39, 63, 132, 112, 105, 72, 75, 111, 28, 33, 57, 18, 74, 18, 8, 76, 91, 40, 52, 105, 96, 130, 69, 50, 91, 83, 108, 104, 73, 71, 120, 2, 74, 47, 168, 80, 18, 52, 72, 18, 74, 83, 51, 38, 99, 33, 57, 50, 54, 46, 19, 24, 59, 9, 155, 57, 26, 119, 72, 103, 50, 127, 45, 98, 7, 85, 46, 28, 19, 87, 69, 88, 10, 20, 15, 50
|117, 113, 30, 72, 35, 24, 97, 37, 16, 25, 61, 21, 28, 92, 68, 118, 98, 71, 110, 40, 94, 103, 97, 0, 74, 96, 107, 26, 41, 51, 53, 21, 73, 88, 38, 71, 27, 98, 88, 119, 90, 57, 86, 73, 72, 139, 120, 111, 69, 99, 83, 161, 38, 71, 47, 64, 96, 102, 53, 67, 65, 49, 99, 48, 76, 3, 84, 120, 100, 128, 98, 79, 0, 13, 76, 125, 52, 100, 55, 40, 49, 24, 22, 65, 60, 110, 66, 101, 86, 86, 67, 92, 129, 90, 114, 87, 77, 140, 92, 41, 37, 49, 27, 106, 51, 48, 28, 41, 126, 135, 32, 15, 60, 107, 55, 23, 137, 42, 93, 52, 43, 102, 82, 60, 56, 81, 106, 80, 76, 115, 78, 57, 54, 106, 31, 55, 63, 43, 54, 52, 60, 53, 76, 87, 35, 42, 112, 53, 50, 50, 40, 79, 65, 78, 105, 31, 63, 60, 89, 81, 56, 49, 94, 105, 58, 35, 94, 112, 71, 25, 40, 17, 73, 69, 43, 114, 39, 111, 92, 109, 19, 58, 47, 119, 11, 40, 40, 47, 60, 14, 71, 9, 59, 82, 25, 98, 39, 52, 73, 113, 81, 47, 48, 85, 26, 14, 46, 78, 134, 68, 67, 48, 43, 55, 112, 120, 47, 100, 58, 107, 72, 22, 106, 78, 48, 33, 52, 134, 101, 27, 53, 110, 115, 87, 40, 54, 87, 77, 88, 47
|153, 48, 44, 107, 43, 98, 34, 111, 58, 50, 98, 53, 47, 44, 104, 154, 74, 72, 146, 78, 131, 139, 72, 74, 0, 69, 60, 66, 76, 53, 111, 53, 110, 57, 69, 78, 57, 172, 124, 73, 164, 52, 62, 116, 146, 107, 53, 148, 34, 91, 119, 94, 75, 72, 84, 66, 133, 110, 78, 104, 97, 35, 79, 45, 101, 71, 90, 52, 28, 105, 89, 64, 74, 87, 113, 57, 40, 174, 68, 78, 87, 98, 66, 102, 57, 130, 31, 93, 160, 122, 104, 102, 203, 126, 45, 124, 8, 72, 64, 62, 67, 84, 85, 143, 72, 47, 47, 33, 98, 68, 43, 71, 33, 144, 82, 80, 173, 34, 84, 74, 56, 60, 56, 97, 85, 44, 66, 34, 112, 47, 115, 66, 88, 41, 68, 30, 42, 34, 24, 22, 69, 90, 69, 78, 39, 34, 47, 74, 90, 88, 75, 43, 66, 114, 102, 45, 100, 96, 115, 118, 93, 52, 78, 93, 74, 44, 105, 149, 33, 49, 38, 91, 98, 40, 31, 87, 76, 90, 64, 145, 72, 50, 78, 155, 73, 107, 77, 74, 97, 60, 75, 81, 96, 118, 99, 71, 76, 44, 147, 149, 55, 44, 85, 54, 49, 60, 52, 35, 170, 93, 103, 59, 66, 84, 55, 65, 82, 65, 132, 129, 60, 96, 142, 115, 55, 107, 71, 170, 67, 67, 82, 46, 70, 15, 77, 32, 62, 72, 57, 66
|87, 23, 68, 50, 61, 120, 36, 131, 80, 74, 80, 76, 71, 26, 56, 88, 5, 25, 80, 69, 99, 71, 3, 96, 69, 0, 12, 83, 62, 45, 133, 75, 79, 12, 60, 26, 69, 193, 59, 23, 184, 88, 10, 133, 166, 43, 25, 102, 35, 22, 55, 65, 99, 25, 71, 32, 92, 41, 44, 95, 43, 49, 10, 50, 32, 93, 21, 29, 81, 36, 20, 18, 96, 109, 68, 38, 45, 194, 41, 69, 62, 118, 86, 84, 37, 61, 38, 24, 181, 56, 75, 33, 224, 60, 43, 111, 61, 52, 5, 56, 59, 54, 107, 136, 45, 51, 71, 56, 30, 40, 68, 93, 39, 84, 43, 98, 107, 56, 15, 100, 54, 11, 16, 81, 44, 112, 10, 36, 51, 39, 75, 39, 51, 30, 77, 43, 34, 68, 48, 56, 36, 67, 20, 10, 62, 55, 24, 43, 104, 97, 59, 110, 31, 61, 33, 71, 61, 56, 46, 96, 79, 47, 9, 24, 38, 62, 131, 111, 102, 71, 72, 110, 29, 30, 56, 18, 73, 21, 5, 79, 90, 39, 51, 105, 95, 129, 68, 49, 90, 82, 106, 103, 72, 70, 119, 2, 73, 46, 167, 83, 17, 51, 71, 15, 73, 82, 50, 35, 102, 33, 56, 49, 53, 45, 17, 24, 58, 6, 154, 60, 25, 118, 75, 102, 49, 126, 44, 101, 6, 84, 45, 25, 19, 84, 68, 85, 9, 20, 12, 49
|99, 12, 78, 62, 72, 131, 27, 142, 91, 84, 91, 87, 81, 17, 67, 100, 17, 36, 92, 80, 110, 83, 15, 107, 60, 12, 0, 94, 73, 56, 144, 86, 90, 19, 71, 37, 80, 204, 71, 14, 195, 90, 21, 144, 177, 48, 13, 113, 39, 34, 67, 54, 109, 36, 82, 43, 103, 53, 55, 106, 54, 58, 22, 61, 44, 104, 33, 18, 71, 47, 32, 29, 107, 120, 79, 27, 56, 205, 52, 80, 73, 129, 97, 95, 48, 73, 42, 36, 192, 68, 86, 45, 235, 72, 32, 122, 52, 41, 15, 67, 70, 65, 118, 147, 56, 62, 81, 66, 39, 28, 77, 104, 47, 96, 54, 109, 119, 66, 27, 109, 65, 5, 26, 92, 55, 104, 6, 29, 63, 28, 86, 50, 62, 19, 88, 52, 45, 71, 56, 60, 47, 78, 31, 22, 72, 65, 13, 54, 115, 108, 70, 102, 42, 73, 45, 80, 72, 67, 58, 107, 90, 58, 21, 36, 49, 73, 140, 122, 93, 82, 75, 121, 41, 38, 65, 30, 84, 32, 15, 91, 101, 50, 62, 117, 106, 140, 79, 60, 101, 93, 113, 114, 83, 81, 130, 14, 84, 57, 178, 95, 27, 62, 82, 22, 83, 93, 61, 30, 114, 45, 67, 60, 64, 56, 5, 14, 69, 7, 165, 72, 36, 129, 87, 113, 60, 137, 55, 113, 8, 95, 56, 14, 10, 75, 79, 78, 20, 31, 19, 60
|91, 100, 36, 46, 26, 37, 87, 48, 25, 38, 35, 27, 45, 81, 42, 92, 85, 58, 84, 14, 68, 77, 84, 26, 66, 83, 94, 0, 21, 41, 79, 26, 47, 76, 24, 58, 16, 110, 62, 106, 101, 81, 73, 50, 83, 126, 107, 85, 61, 86, 57, 148, 64, 58, 21, 51, 70, 87, 39, 41, 46, 41, 86, 39, 61, 26, 70, 108, 92, 115, 85, 66, 26, 26, 50, 113, 44, 111, 42, 14, 23, 35, 4, 39, 49, 95, 58, 87, 98, 60, 41, 77, 141, 64, 103, 61, 69, 128, 79, 30, 25, 30, 53, 80, 38, 38, 45, 33, 113, 122, 47, 41, 52, 81, 40, 15, 111, 33, 80, 77, 33, 89, 69, 34, 41, 105, 93, 71, 50, 103, 52, 44, 35, 94, 7, 47, 53, 61, 46, 51, 47, 27, 63, 74, 31, 34, 100, 40, 24, 24, 24, 103, 52, 52, 91, 49, 37, 34, 74, 55, 30, 40, 81, 92, 45, 25, 119, 86, 95, 22, 64, 27, 58, 60, 39, 101, 13, 98, 79, 83, 7, 48, 32, 93, 37, 66, 15, 34, 34, 22, 96, 35, 33, 56, 36, 85, 13, 43, 84, 87, 68, 38, 22, 73, 43, 28, 37, 69, 108, 53, 41, 36, 31, 40, 99, 107, 26, 87, 71, 92, 59, 36, 80, 52, 38, 43, 39, 108, 88, 1, 38, 98, 102, 81, 15, 78, 74, 64, 76, 34
|79, 79, 49, 34, 33, 58, 66, 69, 38, 51, 23, 40, 58, 60, 30, 80, 64, 37, 72, 7, 56, 65, 63, 41, 76, 62, 73, 21, 0, 24, 93, 39, 35, 55, 7, 37, 19, 131, 50, 85, 122, 93, 52, 71, 104, 105, 86, 73, 43, 65, 45, 127, 77, 37, 9, 30, 58, 66, 18, 33, 25, 42, 65, 31, 40, 41, 49, 87, 87, 94, 64, 45, 41, 47, 38, 92, 36, 132, 21, 7, 11, 56, 24, 27, 28, 74, 46, 66, 119, 48, 29, 56, 162, 52, 82, 49, 68, 107, 58, 14, 9, 9, 67, 74, 17, 29, 58, 43, 92, 101, 59, 54, 43, 69, 19, 36, 99, 42, 59, 90, 20, 68, 48, 22, 20, 117, 72, 50, 38, 82, 40, 23, 14, 73, 15, 46, 35, 73, 52, 61, 26, 15, 42, 53, 43, 42, 79, 19, 42, 35, 3, 115, 31, 40, 70, 62, 25, 22, 53, 43, 18, 24, 60, 71, 24, 32, 132, 74, 107, 35, 77, 48, 37, 39, 49, 80, 11, 77, 58, 71, 28, 28, 11, 81, 50, 81, 6, 13, 28, 35, 109, 50, 21, 44, 57, 64, 11, 32, 105, 75, 47, 32, 10, 52, 56, 41, 24, 48, 96, 32, 29, 18, 11, 19, 78, 86, 6, 66, 92, 71, 38, 57, 68, 40, 22, 64, 18, 96, 67, 22, 17, 77, 81, 91, 6, 90, 53, 43, 55, 13
|101, 62, 26, 55, 16, 75, 47, 88, 35, 29, 47, 31, 35, 42, 52, 102, 47, 20, 94, 27, 80, 87, 46, 51, 53, 45, 56, 41, 24, 0, 88, 30, 59, 38, 17, 26, 26, 149, 72, 68, 141, 70, 35, 91, 123, 88, 69, 97, 20, 48, 67, 110, 55, 20, 33, 14, 82, 62, 26, 54, 45, 19, 48, 8, 49, 48, 39, 70, 64, 77, 47, 28, 51, 64, 61, 75, 13, 151, 16, 27, 35, 75, 43, 51, 9, 82, 23, 50, 137, 70, 53, 53, 180, 74, 64, 73, 45, 90, 41, 12, 17, 31, 62, 94, 20, 6, 35, 20, 75, 84, 36, 48, 20, 92, 30, 56, 121, 19, 42, 67, 9, 51, 31, 46, 33, 94, 55, 30, 60, 65, 64, 14, 36, 56, 35, 23, 13, 50, 29, 38, 17, 39, 25, 36, 20, 19, 62, 22, 62, 55, 23, 92, 14, 62, 54, 39, 48, 44, 65, 67, 42, 2, 43, 54, 22, 17, 109, 98, 84, 26, 54, 68, 46, 19, 26, 63, 31, 60, 41, 93, 48, 7, 25, 103, 50, 84, 26, 21, 48, 37, 86, 58, 45, 66, 76, 47, 31, 9, 124, 97, 30, 9, 34, 35, 33, 37, 5, 28, 118, 41, 51, 6, 13, 32, 61, 69, 30, 49, 109, 80, 21, 73, 90, 64, 4, 84, 19, 118, 50, 42, 30, 60, 64, 68, 26, 67, 36, 26, 38, 13
|170, 150, 67, 125, 72, 51, 134, 81, 55, 61, 114, 58, 64, 129, 121, 171, 135, 108, 163, 93, 147, 156, 134, 53, 111, 133, 144, 79, 93, 88, 0, 58, 126, 125, 86, 109, 74, 63, 141, 156, 61, 61, 123, 126, 67, 176, 157, 164, 106, 136, 136, 198, 37, 108, 100, 101, 149, 140, 96, 120, 115, 86, 136, 85, 119, 54, 122, 157, 137, 165, 135, 116, 53, 53, 129, 162, 89, 91, 93, 93, 102, 73, 75, 118, 97, 152, 103, 138, 51, 139, 120, 131, 94, 143, 151, 140, 114, 177, 129, 79, 84, 101, 26, 159, 90, 85, 64, 78, 163, 172, 68, 40, 97, 160, 100, 76, 190, 79, 130, 38, 80, 139, 119, 113, 103, 69, 143, 117, 129, 152, 131, 95, 106, 143, 84, 92, 100, 79, 91, 89, 98, 106, 113, 124, 72, 79, 149, 92, 103, 103, 92, 70, 102, 131, 142, 67, 116, 113, 135, 134, 109, 86, 131, 142, 97, 72, 41, 165, 105, 62, 75, 69, 116, 106, 80, 151, 92, 148, 129, 162, 72, 95, 95, 172, 43, 13, 93, 91, 113, 58, 38, 44, 112, 135, 66, 135, 92, 89, 62, 166, 118, 84, 101, 122, 62, 52, 83, 115, 187, 111, 120, 85, 83, 102, 149, 157, 99, 137, 23, 150, 109, 43, 159, 131, 85, 85, 91, 187, 138, 80, 100, 147, 152, 124, 93, 81, 124, 114, 125, 86
|117, 92, 10, 71, 14, 45, 76, 58, 5, 12, 61, 1, 19, 71, 68, 118, 77, 50, 110, 40, 94, 103, 76, 21, 53, 75, 86, 26, 39, 30, 58, 0, 73, 67, 32, 51, 20, 119, 88, 98, 111, 55, 65, 73, 93, 118, 99, 111, 48, 78, 83, 140, 38, 50, 47, 43, 96, 82, 42, 67, 61, 28, 78, 27, 65, 18, 64, 99, 79, 107, 77, 58, 21, 34, 76, 104, 31, 121, 35, 40, 49, 45, 22, 65, 39, 98, 45, 80, 107, 86, 67, 73, 150, 90, 93, 87, 56, 119, 71, 25, 30, 47, 32, 106, 36, 27, 19, 20, 105, 114, 21, 18, 39, 107, 46, 27, 137, 21, 72, 51, 22, 81, 61, 60, 49, 79, 85, 59, 76, 94, 78, 37, 52, 85, 31, 34, 42, 35, 33, 32, 40, 53, 55, 66, 14, 21, 91, 38, 50, 50, 38, 77, 44, 78, 84, 23, 63, 60, 81, 81, 56, 28, 73, 84, 39, 14, 93, 112, 69, 4, 38, 38, 62, 48, 22, 93, 39, 90, 71, 109, 20, 37, 41, 119, 20, 54, 40, 37, 60, 7, 70, 28, 59, 82, 46, 77, 39, 31, 94, 113, 60, 26, 48, 64, 17, 7, 25, 57, 134, 57, 67, 27, 29, 48, 91, 99, 45, 79, 79, 96, 51, 43, 106, 78, 27, 54, 35, 134, 80, 27, 46, 89, 94, 66, 40, 52, 66, 56, 67, 29
|45, 96, 83, 31, 67, 78, 84, 58, 72, 85, 13, 74, 92, 78, 24, 46, 81, 54, 38, 33, 21, 55, 80, 73, 110, 79, 90, 47, 35, 59, 126, 73, 0, 72, 42, 54, 53, 120, 32, 102, 111, 127, 69, 59, 93, 121, 103, 38, 78, 81, 28, 144, 111, 54, 26, 49, 23, 82, 35, 19, 38, 76, 82, 65, 56, 73, 65, 104, 121, 110, 81, 63, 73, 73, 12, 109, 70, 121, 45, 33, 25, 57, 51, 8, 56, 90, 80, 82, 108, 38, 7, 72, 151, 36, 100, 34, 102, 124, 75, 48, 43, 29, 100, 60, 41, 63, 92, 77, 108, 118, 93, 88, 77, 34, 36, 54, 65, 76, 76, 124, 54, 85, 66, 13, 35, 151, 89, 80, 31, 99, 5, 47, 29, 90, 42, 80, 70, 107, 86, 95, 45, 21, 59, 70, 77, 76, 96, 39, 30, 26, 37, 149, 49, 20, 86, 96, 18, 23, 68, 18, 18, 58, 77, 87, 41, 66, 166, 39, 141, 69, 111, 61, 53, 73, 83, 96, 34, 93, 75, 37, 54, 63, 35, 46, 84, 113, 33, 39, 15, 69, 143, 82, 15, 10, 64, 81, 34, 66, 94, 41, 65, 66, 25, 70, 90, 75, 58, 79, 62, 48, 24, 53, 46, 35, 95, 103, 30, 83, 111, 87, 56, 83, 34, 26, 56, 53, 42, 86, 84, 46, 34, 94, 98, 125, 33, 124, 70, 60, 72, 47
|99, 25, 59, 54, 54, 112, 24, 124, 72, 65, 73, 68, 62, 14, 51, 100, 17, 18, 92, 62, 92, 83, 15, 88, 57, 12, 19, 76, 55, 38, 125, 67, 72, 0, 53, 21, 62, 186, 71, 31, 177, 76, 5, 126, 159, 53, 32, 97, 23, 34, 66, 73, 90, 18, 64, 25, 85, 53, 37, 88, 44, 39, 22, 42, 44, 85, 33, 32, 69, 48, 32, 11, 88, 101, 62, 37, 37, 187, 34, 62, 55, 111, 79, 77, 29, 73, 26, 36, 174, 68, 68, 45, 217, 72, 31, 104, 49, 52, 7, 49, 52, 47, 99, 129, 38, 43, 62, 47, 42, 47, 58, 85, 28, 91, 36, 91, 119, 47, 27, 90, 47, 14, 7, 74, 37, 100, 18, 24, 59, 27, 68, 32, 44, 18, 70, 33, 26, 56, 37, 44, 29, 60, 13, 21, 53, 46, 24, 36, 97, 90, 52, 98, 24, 61, 45, 61, 54, 49, 58, 89, 72, 40, 21, 36, 31, 55, 121, 104, 90, 63, 60, 103, 41, 19, 46, 30, 66, 33, 7, 91, 83, 31, 44, 102, 87, 121, 61, 42, 83, 74, 94, 95, 65, 65, 112, 14, 66, 38, 160, 95, 8, 43, 64, 3, 64, 74, 43, 23, 114, 38, 51, 42, 46, 38, 24, 32, 51, 12, 146, 72, 17, 110, 87, 95, 42, 119, 37, 113, 13, 77, 38, 22, 27, 72, 61, 73, 5, 15, 0, 42
|85, 77, 42, 40, 26, 61, 64, 72, 31, 44, 30, 33, 51, 58, 36, 86, 62, 35, 78, 10, 63, 71, 61, 38, 69, 60, 71, 24, 7, 17, 86, 32, 42, 53, 0, 35, 12, 134, 56, 83, 125, 86, 50, 74, 107, 103, 84, 80, 37, 63, 51, 125, 70, 35, 16, 28, 65, 64, 16, 37, 30, 35, 63, 24, 38, 35, 47, 85, 80, 92, 62, 43, 38, 50, 45, 90, 29, 135, 19, 10, 18, 59, 27, 34, 26, 72, 39, 64, 122, 54, 36, 54, 165, 58, 80, 56, 61, 105, 56, 7, 2, 15, 60, 77, 15, 22, 51, 36, 90, 99, 52, 47, 36, 76, 17, 39, 105, 35, 57, 83, 13, 66, 46, 29, 18, 110, 70, 47, 44, 80, 47, 21, 20, 71, 18, 39, 29, 66, 45, 54, 24, 22, 40, 51, 36, 35, 77, 17, 45, 38, 6, 108, 29, 46, 68, 55, 32, 28, 51, 50, 25, 17, 58, 69, 22, 25, 125, 81, 100, 28, 70, 51, 35, 36, 42, 78, 14, 75, 56, 77, 31, 24, 9, 87, 43, 74, 9, 11, 31, 28, 102, 45, 28, 50, 60, 62, 14, 25, 108, 81, 45, 25, 17, 50, 49, 34, 17, 45, 102, 30, 35, 12, 7, 17, 76, 84, 13, 64, 95, 69, 36, 60, 74, 47, 15, 67, 16, 102, 65, 25, 15, 75, 79, 84, 9, 83, 51, 41, 53, 11
|79, 43, 52, 33, 38, 95, 45, 106, 56, 55, 55, 51, 61, 35, 30, 80, 28, 6, 72, 44, 74, 65, 27, 71, 78, 26, 37, 58, 37, 26, 109, 51, 54, 21, 35, 0, 44, 168, 50, 49, 159, 96, 16, 108, 141, 69, 50, 76, 44, 29, 45, 91, 81, 6, 46, 12, 66, 36, 20, 70, 23, 45, 29, 34, 24, 68, 13, 51, 90, 58, 28, 15, 71, 84, 42, 56, 39, 169, 16, 44, 37, 93, 61, 59, 21, 56, 47, 30, 156, 48, 50, 27, 199, 52, 52, 86, 70, 71, 22, 31, 34, 29, 83, 111, 20, 32, 61, 46, 56, 65, 62, 69, 46, 70, 18, 73, 99, 45, 23, 93, 29, 32, 22, 56, 19, 120, 36, 45, 38, 48, 50, 14, 26, 39, 52, 49, 37, 76, 55, 64, 11, 42, 10, 17, 46, 45, 43, 19, 79, 72, 34, 118, 12, 40, 34, 65, 36, 31, 40, 71, 54, 27, 24, 35, 14, 37, 135, 86, 110, 47, 80, 85, 20, 38, 52, 44, 48, 41, 22, 71, 65, 29, 26, 81, 71, 105, 43, 24, 65, 58, 112, 78, 47, 44, 94, 28, 48, 35, 142, 75, 23, 35, 46, 24, 59, 58, 28, 44, 96, 17, 30, 24, 28, 20, 42, 50, 33, 30, 129, 55, 19, 93, 68, 77, 25, 101, 19, 95, 31, 59, 20, 41, 45, 93, 43, 93, 17, 7, 21, 24
|97, 86, 30, 52, 14, 51, 73, 64, 19, 32, 41, 21, 39, 67, 48, 98, 71, 44, 90, 21, 74, 83, 70, 27, 57, 69, 80, 16, 19, 26, 74, 20, 53, 62, 12, 44, 0, 125, 68, 92, 117, 74, 59, 66, 99, 112, 93, 91, 45, 72, 63, 134, 58, 44, 27, 37, 76, 75, 26, 47, 42, 25, 72, 23, 49, 24, 57, 94, 76, 101, 71, 52, 27, 40, 56, 99, 28, 127, 28, 21, 30, 51, 17, 45, 35, 83, 42, 74, 113, 66, 47, 65, 156, 70, 89, 67, 53, 114, 65, 14, 10, 27, 48, 86, 24, 22, 39, 24, 99, 108, 40, 35, 36, 87, 28, 31, 117, 23, 66, 71, 17, 75, 55, 40, 30, 98, 79, 56, 56, 89, 58, 30, 32, 80, 11, 31, 39, 54, 35, 42, 33, 33, 49, 60, 24, 23, 86, 26, 38, 31, 18, 96, 38, 58, 78, 43, 43, 40, 63, 61, 36, 24, 67, 78, 31, 13, 113, 92, 88, 16, 58, 43, 46, 45, 30, 87, 19, 84, 65, 89, 23, 33, 21, 99, 31, 62, 20, 20, 40, 16, 90, 34, 39, 62, 52, 71, 19, 27, 100, 93, 54, 22, 28, 59, 37, 22, 21, 54, 114, 41, 47, 22, 16, 29, 85, 93, 25, 73, 85, 80, 45, 49, 86, 58, 22, 59, 25, 114, 74, 17, 27, 84, 88, 72, 20, 71, 60, 50, 62, 20
|142, 210, 128, 149, 133, 74, 195, 62, 114, 123, 116, 119, 126, 190, 142, 143, 195, 168, 139, 124, 118, 174, 194, 98, 172, 193, 204, 110, 131, 149, 63, 119, 120, 186, 134, 168, 125, 0, 151, 216, 26, 124, 183, 91, 31, 236, 217, 135, 167, 196, 147, 258, 100, 168, 125, 161, 121, 197, 149, 102, 156, 147, 196, 146, 171, 101, 180, 218, 198, 225, 195, 176, 98, 85, 131, 223, 150, 55, 152, 124, 133, 75, 109, 113, 158, 205, 164, 197, 12, 157, 122, 187, 31, 155, 212, 109, 175, 238, 189, 139, 135, 140, 89, 125, 148, 146, 126, 139, 223, 232, 130, 103, 158, 132, 150, 95, 162, 140, 190, 101, 141, 199, 179, 115, 151, 132, 203, 178, 149, 213, 124, 154, 145, 204, 117, 153, 161, 141, 152, 150, 157, 129, 173, 184, 133, 140, 210, 150, 90, 97, 134, 133, 162, 139, 201, 129, 135, 140, 184, 105, 117, 147, 191, 202, 155, 133, 77, 136, 167, 123, 138, 83, 168, 167, 141, 211, 121, 208, 189, 142, 104, 156, 142, 143, 100, 67, 125, 144, 105, 112, 101, 92, 124, 130, 74, 195, 121, 150, 26, 138, 178, 145, 125, 183, 124, 112, 144, 176, 167, 163, 142, 146, 141, 150, 209, 217, 136, 197, 40, 202, 169, 77, 153, 100, 146, 67, 149, 205, 198, 109, 148, 208, 212, 185, 125, 143, 184, 174, 186, 144
