20
287
190 185 185 190 195 185 190 180 185 190 175 180 185 190 180 175 180 195 185 180
19 21 17 6 6 19 17 19 2 3 24 5 9 20 19 20 4 3 2 23 6 17 17 3 16 15 23 15 12 19 23 10 23 22 4 5 1 11 20 25 18 4 10 17 7 4 3 12 13 24 16 2 7 15 12 15 17 16 1 9 4 3 1 4 6 1 19 1 2 25 4 4 13 18 9 5 12 22 9 11 6 19 10 1 10 20 18 1 11 20 12 17 16 3 14 12 9 1 7 7 5 9 15 4 10 21 2 6 1 23 24 16 18 1 1 21 8 22 23 11 15 14 16 25 12 9 20 22 13 24 13 4 22 18 25 19 8 13 1 1 5 2 22 3 2 6 19 5 25 9 20 11 18 25 22 25 14 21 1 9 2 2 4 15 11 15 15 16 14 25 9 23 16 10 4 25 20 5 19 2 13 19 2 16 2 6 3 20 13 9 5 15 22 18 21 16 22 23 1 1 13 14 18 5 24 11 5 1 21 6 6 5 23 16 18 10 9 18 22 24 15 6 12 19 19 17 22 25 11 23 10 17 6 20 6 4 25 7 11 14 14 15 2 14 17 24 10 20 11 16 3 11 10 18 20 24 16 2 14 10 22 14 15 7 20 1 24 22 23 20 15 14 12 4 15 12 8 2 24 5 8 21 5 16 8 24 23
0 69 140 173 149 33 113 109 68 120 121 20 59 51 145 46 132 93 36 84 14 16 81 156 132 31 163 86 38 26 177 179 24 51 152 38 23 128 102 86 125 121 202 139 16 24 15 185 133 83 123 23 152 143 58 149 77 94 164 97 106 77 81 75 70 118 130 78 113 214 191 106 65 55 129 41 104 58 175 65 29 93 83 34 179 110 55 41 209 112 56 171 32 126 57 69 49 34 65 132 106 33 85 144 93 32 74 14 121 141 123 121 60 118 175 52 127 101 177 143 31 34 35 58 90 70 66 31 28 49 112 33 67 81 122 164 60 51 30 127 27 202 38 123 84 132 124 114 56 79 63 146 117 4 89 127 193 230 65 115 14 17 15 18 140 33 28 84 113 85 151 100 141 77 48 100 119 62 124 105 82 28 86 136 126 149 139 69 53 96 74 17 149 120 32 18 47 111 37 102 25 137 98 141 78 96 65 72 89 53 82 77 126 33 28 67 142 119 31 116 130 184 67 140 31 209 99 31 52 45 139 76 158 52 166 62 72 43 102 212 21 138 83 85 130 25 125 133 70 58 125 33 95 142 138 119 150 188 26 157 70 148 156 102 112 143 35 98 142 51 47 128 74 70 169 126 93 39 51 119 108 127 167 148 118 60 48 86 
69 0 72 105 81 102 51 72 76 52 53 75 18 87 77 27 64 25 69 76 78 80 13 91 69 46 95 49 32 86 109 111 78 109 84 39 70 60 41 18 75 178 134 73 81 45 69 117 65 20 55 49 84 75 44 84 9 26 105 49 38 9 26 7 3 50 62 134 68 146 123 54 13 61 61 86 47 70 107 118 73 25 22 78 111 46 61 43 141 74 92 103 100 63 36 1 30 59 40 64 38 57 95 85 84 69 17 71 53 132 55 76 17 50 107 88 59 36 145 77 91 91 44 118 27 4 39 91 53 39 78 94 26 37 54 110 64 40 73 84 89 135 95 55 19 64 88 46 114 63 12 78 49 73 23 59 125 162 113 53 83 53 68 87 72 51 73 23 93 19 83 43 73 23 52 35 51 55 56 40 14 85 20 68 63 82 71 28 81 32 14 73 81 66 57 52 105 43 60 66 88 69 30 73 114 33 38 29 21 36 15 135 85 101 79 76 74 56 39 61 62 116 19 77 54 145 33 72 39 104 71 18 90 22 98 23 4 30 37 144 48 70 86 55 62 60 57 102 29 11 62 57 37 74 70 68 82 122 52 89 61 80 91 42 52 80 55 30 74 52 108 60 59 4 149 72 43 98 49 51 43 59 99 80 53 108 103 28 
140 72 0 33 34 173 112 67 147 56 22 122 89 93 25 94 11 49 105 71 135 142 59 98 57 116 35 57 102 124 37 39 117 108 47 109 141 13 42 54 69 174 62 45 139 116 125 46 15 78 48 119 12 10 82 91 64 46 95 47 45 64 98 65 70 23 16 130 63 74 51 49 84 87 24 104 43 86 35 114 112 50 57 109 43 37 87 99 69 69 91 31 171 87 83 71 101 107 75 8 35 107 90 77 78 109 66 126 19 126 17 70 88 23 35 92 24 39 139 32 126 111 115 138 50 72 74 123 112 91 72 142 73 109 20 104 82 89 111 78 159 77 109 35 56 11 82 29 113 64 77 18 23 144 62 13 53 90 110 43 154 123 125 158 31 107 113 56 87 66 31 43 1 95 92 40 22 126 17 38 59 116 65 12 49 32 40 71 152 44 66 143 54 60 108 122 105 32 131 60 140 29 46 14 109 91 109 100 51 87 59 132 79 170 115 78 2 43 109 55 11 44 73 54 125 152 53 110 88 119 8 64 18 93 30 78 68 97 59 72 119 8 80 126 11 115 17 96 70 82 50 107 47 13 10 62 69 62 122 17 73 8 45 41 45 60 105 42 11 90 154 14 69 71 143 66 50 116 89 33 35 15 27 8 34 106 102 54 
173 105 33 0 28 206 145 82 180 60 54 155 122 125 33 127 41 82 138 96 168 175 92 87 70 149 24 89 135 157 12 14 150 133 37 142 174 45 74 87 83 188 58 58 172 149 158 55 41 111 57 152 21 31 115 82 97 79 107 79 72 97 131 98 103 55 44 144 78 49 37 72 117 120 47 136 72 118 11 130 145 82 90 142 31 65 120 132 36 83 122 12 204 119 116 104 134 140 108 41 68 140 106 89 94 142 99 159 52 139 50 84 121 55 28 124 50 72 152 46 159 144 148 170 83 105 107 156 145 124 86 175 106 142 52 116 115 122 144 91 192 88 141 55 89 41 95 61 139 96 110 32 56 177 94 46 21 62 126 63 187 156 158 191 37 140 146 89 101 98 27 75 32 128 125 73 54 159 50 70 92 149 98 38 63 45 40 104 185 77 99 176 43 74 141 155 136 64 164 79 173 40 78 33 123 124 142 133 84 120 92 148 92 203 148 110 31 59 142 70 43 20 106 66 158 141 85 143 121 151 35 97 16 126 19 111 101 130 91 39 152 36 99 159 43 148 49 109 103 115 64 140 80 33 36 76 58 73 155 16 105 25 57 73 66 72 138 75 32 123 187 45 101 104 156 79 82 148 122 58 67 46 19 25 59 125 133 87 
149 81 34 28 0 182 121 99 156 32 55 132 98 118 9 103 24 57 115 103 144 151 68 64 90 125 15 77 111 134 37 39 127 138 13 118 150 26 68 63 102 207 82 78 148 125 134 79 48 87 29 128 27 24 92 57 73 55 128 76 45 73 107 74 79 32 49 163 95 74 43 81 93 98 20 120 74 104 35 147 122 57 67 120 31 69 98 108 62 101 122 25 180 93 92 80 110 117 85 33 44 116 123 110 111 119 75 135 38 159 39 103 97 32 52 118 57 55 172 65 137 126 124 153 61 81 84 134 121 100 105 152 82 118 29 137 97 98 121 111 168 111 128 28 65 24 115 36 144 90 86 52 42 153 69 35 49 87 143 76 163 132 134 167 9 116 123 66 120 73 3 70 33 104 102 54 31 135 35 64 68 127 73 45 82 65 12 80 161 59 75 152 20 93 117 131 135 39 140 93 149 12 53 20 142 100 118 109 60 96 68 165 112 179 125 105 32 76 118 88 25 38 82 87 134 118 59 120 97 138 42 73 26 102 18 87 77 106 65 65 128 41 113 135 26 124 45 129 79 91 83 116 66 47 43 95 35 96 131 32 92 40 78 69 78 93 114 51 45 100 164 23 88 80 176 99 70 132 99 31 63 24 42 30 67 138 132 65 
33 102 173 206 182 0 144 142 98 153 154 52 90 84 178 79 165 126 69 117 38 31 114 187 165 62 196 119 71 52 210 212 57 81 185 69 53 161 135 119 158 107 235 172 34 57 48 218 166 114 156 54 185 176 91 180 110 127 197 130 139 110 112 108 103 151 163 108 146 247 224 139 96 88 162 73 137 91 208 95 62 126 116 67 212 143 88 74 242 145 89 204 28 157 90 102 80 67 98 165 139 66 118 177 126 65 107 47 154 174 156 154 91 151 208 85 160 134 210 176 50 66 66 40 123 103 99 53 61 82 145 33 100 112 155 197 93 84 63 160 58 235 69 156 117 165 157 147 76 112 96 179 150 33 120 160 226 263 96 148 19 50 48 24 173 66 61 117 146 116 184 133 174 108 81 133 152 93 157 138 115 60 117 169 159 182 172 102 83 129 107 47 182 153 65 51 75 144 67 135 34 170 131 174 111 127 96 103 122 86 115 78 159 3 61 100 175 152 64 149 163 217 100 173 62 240 130 64 85 60 172 109 191 83 199 95 105 76 133 245 54 171 116 116 163 58 158 166 103 91 158 66 128 175 171 152 183 221 57 190 103 181 189 135 145 176 68 131 175 84 21 161 107 103 202 159 126 61 84 152 141 160 200 181 151 91 78 119 
113 51 112 145 121 144 0 123 47 91 93 125 54 138 117 76 104 64 119 127 126 129 53 111 118 82 135 100 75 136 149 151 128 159 123 75 91 100 92 58 126 229 174 113 129 90 118 157 105 34 94 90 124 115 95 77 48 66 155 100 77 48 32 52 54 90 102 185 119 186 163 105 48 112 101 136 98 121 147 169 123 64 73 128 151 95 112 92 181 125 143 143 118 30 87 50 64 109 91 104 78 107 146 136 135 119 68 120 93 183 95 127 53 90 147 139 99 80 196 117 141 141 78 168 77 47 90 141 102 90 129 144 77 33 94 161 115 91 123 135 88 175 145 94 69 104 139 85 164 114 63 118 89 111 53 99 165 202 164 102 127 98 117 120 112 100 123 74 144 49 123 94 113 36 103 78 91 52 96 89 63 135 49 108 110 122 110 79 62 81 65 97 120 117 107 99 155 82 77 117 137 109 69 113 165 21 48 41 61 87 64 185 136 146 129 127 114 104 82 112 102 156 70 119 83 96 63 122 90 154 111 69 130 61 138 74 52 79 58 184 92 110 137 28 102 109 97 153 80 59 111 107 88 114 110 119 121 162 87 129 112 120 131 93 103 123 105 70 114 103 158 100 110 55 200 123 94 148 100 90 90 99 139 120 96 159 153 79 
109 72 67 82 99 142 123 0 117 121 46 90 72 58 90 65 76 74 73 26 104 111 74 163 25 86 102 25 73 91 74 76 85 62 112 80 111 74 31 69 16 108 95 31 108 86 94 77 52 92 113 90 75 77 51 156 80 64 55 23 109 80 93 71 69 70 51 64 4 108 116 18 77 54 88 69 25 52 72 49 80 84 50 76 110 31 54 68 111 3 54 91 141 135 53 73 74 76 45 66 68 76 25 35 16 77 58 95 61 60 61 12 72 70 69 57 43 46 73 36 92 77 85 103 46 76 44 89 81 60 6 110 48 93 77 55 49 58 79 18 130 94 74 99 54 76 16 83 68 30 62 50 57 113 95 65 90 124 47 24 123 92 94 127 96 76 81 49 21 91 96 29 68 89 61 48 71 98 64 35 60 83 92 55 19 42 105 47 122 43 60 114 119 11 77 91 68 83 101 7 108 94 95 80 43 105 82 84 67 57 59 69 17 139 82 42 69 24 79 12 74 100 55 33 95 217 105 78 57 84 59 56 77 66 97 52 71 68 109 110 89 59 26 101 73 84 54 30 46 66 18 76 36 54 57 10 134 81 93 71 39 62 49 30 22 35 74 60 56 59 121 77 35 68 77 17 30 81 58 97 36 77 64 71 33 52 65 45 
68 76 147 180 156 98 47 117 0 127 128 80 58 93 152 53 139 100 74 93 81 83 88 149 140 37 170 94 45 91 184 186 83 114 159 38 45 135 109 93 133 184 209 147 83 45 73 192 140 71 130 45 159 150 66 115 84 101 172 105 113 84 50 82 77 125 137 140 121 221 198 114 63 70 136 91 112 79 182 124 78 100 90 83 186 118 70 49 216 120 98 178 72 68 65 76 46 64 73 139 113 62 104 152 103 74 81 75 128 151 130 129 59 125 182 94 134 108 185 151 96 96 33 123 97 76 74 96 57 57 120 99 75 39 129 172 73 59 78 135 42 210 100 130 91 139 132 121 119 87 70 153 124 65 90 134 200 237 119 123 81 53 72 74 147 55 78 91 121 86 158 108 148 53 60 107 126 21 131 112 89 90 86 143 134 157 146 77 16 103 81 51 156 128 62 54 110 118 31 110 92 144 105 148 120 59 38 47 96 61 89 140 134 100 84 85 149 127 38 124 137 191 74 148 37 143 100 77 60 109 146 83 165 54 173 69 79 50 95 219 47 145 95 21 137 64 132 141 78 65 133 62 103 149 145 127 157 196 42 164 79 155 164 110 120 151 60 105 149 61 113 135 82 77 177 134 101 103 60 126 115 134 174 155 125 114 108 94 
120 52 56 60 32 153 91 121 127 0 77 126 69 138 31 78 46 49 120 125 129 131 49 43 112 97 47 99 83 137 65 67 129 160 33 90 121 48 90 54 124 229 104 100 132 96 120 101 70 57 8 100 49 46 95 35 43 59 150 98 14 43 78 52 54 51 71 185 117 102 75 103 64 112 33 137 96 121 63 169 124 39 73 129 63 91 112 94 94 123 143 57 151 62 87 51 81 110 91 55 55 108 145 132 133 120 68 122 60 181 61 125 68 51 74 139 79 77 194 87 142 142 95 169 77 52 90 142 104 90 127 145 77 89 44 159 115 91 124 133 140 133 146 22 69 46 137 38 165 112 63 74 64 124 38 57 81 118 164 98 134 104 119 138 25 102 124 74 142 42 34 92 55 75 103 75 50 106 57 86 63 136 42 67 104 87 20 79 132 80 65 124 31 115 108 104 156 39 111 115 139 27 28 42 164 70 89 80 56 87 64 186 134 152 130 127 54 98 90 110 47 70 70 109 105 96 28 123 90 155 64 69 48 73 50 74 52 81 34 97 99 63 135 106 48 111 67 151 80 62 105 108 88 69 65 117 31 118 103 54 112 62 100 91 100 115 106 63 67 103 159 44 110 55 198 121 92 149 100 24 85 45 64 52 89 159 154 79 
121 53 22 54 55 154 93 46 128 77 0 102 70 71 46 75 32 32 85 50 116 123 40 119 36 97 57 35 83 103 58 60 97 86 68 90 122 30 20 35 48 153 83 25 120 97 106 65 13 59 69 100 34 32 63 112 45 27 74 25 65 45 79 46 51 26 10 109 42 95 73 28 65 66 44 82 21 64 56 93 92 42 38 88 65 15 66 80 90 48 69 53 152 92 64 52 82 88 56 22 25 88 69 56 57 89 47 107 17 105 17 49 69 26 56 70 6 20 118 24 105 90 96 116 31 53 55 102 93 72 51 122 54 90 33 83 61 70 91 57 140 83 87 55 37 32 61 39 91 42 58 26 13 125 54 21 74 111 89 22 135 104 106 139 52 88 93 37 66 50 52 21 23 76 73 21 27 107 20 16 40 95 51 16 28 30 61 52 133 25 47 124 75 39 89 103 83 39 112 39 121 50 51 36 88 72 90 81 32 68 40 111 58 151 94 56 24 22 90 34 30 66 54 34 106 173 61 90 69 97 20 45 40 74 52 59 49 78 67 93 100 20 59 107 29 96 10 75 51 63 29 88 27 22 18 41 90 70 103 38 51 29 38 19 24 40 86 23 22 71 134 33 47 52 122 45 28 94 70 53 13 33 48 30 13 85 80 35 
20 75 122 155 132 52 125 90 80 126 102 0 71 32 128 50 115 80 17 65 14 21 78 166 113 43 146 67 50 11 159 161 5 35 135 50 36 111 83 74 106 105 184 120 18 35 8 166 115 95 120 36 134 125 40 159 83 77 145 78 112 83 93 75 72 101 112 62 94 196 173 87 77 36 112 22 85 39 157 46 10 89 65 15 161 91 36 33 191 93 37 153 51 138 41 76 61 16 47 114 89 18 66 125 74 13 60 6 103 122 105 102 72 101 157 33 108 83 158 124 16 16 47 43 72 79 48 16 24 36 93 20 51 93 105 145 41 36 11 108 42 183 21 108 67 115 105 98 40 60 63 128 99 24 98 109 175 212 46 96 33 28 9 37 123 25 9 66 94 94 134 81 123 89 30 82 102 74 106 86 67 10 95 118 107 130 122 53 66 78 62 30 134 101 19 27 31 95 50 83 19 120 99 124 59 108 77 84 73 39 66 61 107 49 9 48 124 100 43 97 113 166 56 121 44 220 108 12 37 30 121 60 140 64 148 53 74 47 112 194 34 120 64 97 113 17 107 114 54 67 106 18 77 124 120 100 142 169 39 139 51 130 137 83 93 124 20 81 124 32 34 111 55 71 150 107 74 23 33 105 89 110 149 130 99 41 30 69 
59 18 89 122 98 90 54 72 58 69 70 71 0 84 94 22 81 42 65 73 72 75 30 97 83 28 112 47 21 82 126 128 74 105 101 21 52 77 52 35 79 175 151 90 75 36 64 134 82 24 72 36 101 92 41 90 26 43 116 49 55 26 22 24 19 67 79 131 68 163 140 58 6 58 78 82 56 67 124 115 69 42 33 74 128 61 58 38 158 74 89 120 82 67 34 18 12 55 38 81 55 53 92 96 82 65 24 66 70 131 72 77 1 67 124 85 76 51 145 94 87 87 26 114 40 18 37 87 48 36 78 90 24 22 71 117 61 37 69 84 71 152 91 72 34 81 88 63 110 61 13 95 66 57 32 76 142 179 110 66 73 44 63 70 89 46 69 34 93 28 100 52 90 18 49 50 68 37 73 55 31 81 28 85 77 99 88 25 63 46 24 55 98 73 53 45 101 60 42 65 83 86 47 90 111 37 20 13 38 33 32 131 85 92 75 73 91 70 28 68 79 133 17 91 36 150 42 68 36 100 88 26 107 7 115 20 21 25 43 161 38 87 83 37 79 55 74 102 26 7 76 53 46 91 87 72 99 139 35 106 58 97 107 53 63 94 51 47 91 49 104 77 57 19 149 79 45 94 46 68 58 76 116 97 68 105 99 37 
51 87 93 125 118 84 138 58 93 138 71 32 84 0 109 62 95 91 19 33 46 53 90 178 82 56 123 42 63 33 129 131 27 22 131 63 56 93 52 86 74 91 153 89 50 48 37 135 84 107 132 49 105 99 44 171 95 81 113 47 124 95 106 87 84 89 81 47 62 166 144 56 90 26 107 11 54 17 127 31 22 101 67 18 133 60 26 46 161 61 5 124 83 150 52 88 74 29 48 88 86 31 34 93 42 20 72 37 80 90 81 70 85 89 127 1 77 65 126 93 34 19 60 45 64 91 49 31 37 49 61 52 62 106 96 113 24 47 21 76 73 152 16 118 71 95 73 102 27 29 75 97 76 55 110 85 145 182 26 65 65 42 37 69 115 38 23 67 62 106 115 50 94 102 36 67 90 87 83 56 77 25 107 87 76 99 124 61 80 62 74 57 138 69 32 41 18 101 63 52 50 113 111 101 27 120 90 97 84 51 76 48 75 81 24 16 95 69 56 66 93 137 68 90 57 232 120 20 48 26 91 71 111 77 120 65 86 60 124 164 47 91 32 110 92 31 76 82 60 79 75 31 54 93 89 68 153 138 52 109 28 100 106 52 62 93 33 78 93 35 63 96 31 83 118 75 48 23 38 116 58 96 119 101 68 21 16 62 
145 77 25 33 9 178 117 90 152 31 46 128 94 109 0 99 15 53 111 94 140 147 64 73 81 121 20 68 107 130 37 39 123 129 22 114 146 17 59 59 93 198 73 69 144 121 130 70 39 83 26 124 18 15 88 66 69 51 119 67 41 69 103 70 75 27 40 154 86 74 48 72 89 93 16 111 65 95 35 138 118 53 63 115 36 60 93 104 67 92 113 30 176 89 88 76 106 113 81 24 40 112 114 101 102 115 71 131 29 150 30 94 93 27 43 109 48 46 163 56 132 118 120 145 56 77 80 129 117 96 96 148 78 114 24 128 89 94 117 102 164 102 119 24 61 15 106 32 135 81 82 43 33 149 65 26 53 90 134 67 159 128 130 163 6 112 119 62 111 69 6 61 24 100 98 47 26 131 26 55 64 122 69 36 73 56 15 76 157 51 71 148 29 84 113 127 126 35 136 84 145 8 49 11 133 96 114 105 56 92 64 156 103 175 121 96 23 67 114 79 16 43 78 78 130 127 55 116 93 129 33 69 17 98 23 83 73 102 61 70 124 32 104 131 17 120 36 120 75 87 74 112 57 38 34 86 44 87 127 23 83 31 69 60 69 84 110 47 36 96 160 17 79 76 167 90 61 123 95 27 54 18 33 21 58 129 123 60 
46 27 94 127 103 79 76 65 53 78 75 50 22 62 99 0 86 47 44 51 52 54 35 118 87 22 117 41 8 61 131 133 53 84 106 15 47 82 56 40 81 153 156 94 54 22 43 139 87 46 77 25 106 97 19 111 35 48 120 52 64 35 44 29 24 72 84 109 69 168 145 61 28 36 83 61 59 45 129 93 48 48 37 53 133 65 36 17 163 68 67 125 77 89 12 28 13 34 20 86 60 32 70 100 60 44 28 45 75 109 77 77 23 72 129 63 81 55 133 98 66 66 21 93 44 31 21 66 27 14 68 69 22 44 76 120 39 15 48 83 65 157 70 78 38 86 80 68 89 39 17 100 71 50 50 81 147 184 88 70 60 29 42 64 94 25 48 38 73 46 105 55 95 40 27 54 73 33 78 59 36 60 47 90 81 104 93 24 58 50 28 49 104 76 32 28 80 65 37 58 62 91 53 95 89 59 29 35 43 11 36 110 82 77 54 51 96 74 15 71 84 138 21 95 31 172 60 47 14 79 93 30 112 15 120 16 26 3 64 166 25 92 61 49 84 34 79 89 25 17 80 32 50 96 92 75 105 143 28 111 36 102 111 57 67 98 30 52 96 27 83 82 35 24 129 82 48 73 24 74 62 81 121 102 72 83 78 41 
132 64 11 41 24 165 104 76 139 46 32 115 81 95 15 86 0 41 98 80 127 134 51 88 67 108 31 54 94 117 45 47 110 115 37 101 133 4 45 46 79 184 71 55 131 108 117 57 25 70 38 111 20 11 75 81 56 38 105 53 34 56 90 57 62 14 26 140 72 82 59 58 76 80 13 98 51 81 43 124 105 41 50 102 47 46 80 91 77 78 99 39 163 78 75 63 93 100 68 10 27 99 100 87 88 102 58 118 15 136 16 80 80 14 43 95 34 33 149 42 119 105 107 132 43 64 67 116 104 83 82 135 65 101 11 114 76 81 104 88 151 88 105 24 48 0 92 20 121 67 69 29 19 136 53 12 61 98 120 53 146 115 117 150 21 99 106 49 97 57 21 47 10 87 85 34 13 118 12 41 51 109 57 22 59 42 30 63 144 38 58 135 44 70 100 114 112 23 123 70 132 19 37 9 119 83 101 92 43 79 51 142 89 162 108 82 10 53 101 65 2 52 65 64 117 142 44 103 80 115 19 56 26 85 34 70 60 89 50 80 111 18 90 118 3 107 22 106 62 74 60 99 43 24 20 72 59 73 114 25 69 17 55 46 55 70 97 34 22 83 147 4 65 63 153 76 47 110 82 22 40 5 35 16 44 115 109 47 
93 25 49 82 57 126 64 74 100 49 32 80 42 91 53 47 41 0 73 78 89 96 12 90 66 69 72 51 55 90 86 88 82 113 59 62 94 37 43 7 77 182 111 57 93 69 79 94 42 30 41 72 61 52 47 83 16 10 104 51 36 16 51 18 23 27 39 138 70 123 100 56 37 65 37 90 49 74 84 122 77 10 24 82 88 44 65 52 118 76 96 80 124 62 39 24 54 64 43 41 14 62 98 86 86 73 20 80 30 134 32 78 41 27 84 92 36 28 147 54 95 95 68 122 28 25 42 95 65 45 80 99 29 62 30 112 68 45 77 86 112 112 99 31 20 41 90 21 118 65 30 55 26 97 22 36 102 139 117 51 107 76 79 111 48 60 77 25 95 18 59 45 50 48 56 26 28 79 33 39 14 89 19 45 58 59 46 30 105 31 19 96 57 68 63 75 109 18 84 68 95 45 21 50 117 43 62 53 7 41 15 139 87 124 83 80 51 52 62 63 39 93 26 64 78 144 31 76 44 108 48 20 67 46 75 31 21 50 36 121 72 47 88 79 39 69 34 104 31 35 59 62 39 51 47 70 63 99 75 66 64 57 68 44 54 70 60 14 51 56 113 37 62 24 151 74 45 102 53 27 38 36 76 57 44 112 107 30 
36 69 105 138 115 69 119 73 74 120 85 17 65 19 111 44 98 73 0 48 31 38 72 160 96 37 129 50 44 19 142 144 12 40 119 44 41 94 66 68 89 110 167 103 35 29 22 149 98 89 114 30 117 108 26 153 77 63 128 61 106 77 87 69 66 84 95 66 77 179 156 70 71 19 95 17 68 22 140 50 7 83 49 9 144 74 19 27 174 76 24 136 68 132 34 70 55 10 30 97 72 12 50 108 57 4 54 22 86 105 88 85 66 84 140 20 91 66 141 107 22 22 41 49 55 73 31 22 18 30 76 37 44 87 88 128 24 29 6 91 58 166 26 100 53 98 88 84 45 43 57 111 82 40 92 92 158 195 45 79 50 23 22 54 106 19 8 49 77 88 117 64 106 83 18 65 85 68 89 69 59 16 89 101 90 113 107 43 61 61 56 42 122 84 13 22 36 83 44 66 36 103 93 107 46 102 71 78 66 33 58 66 90 66 10 32 107 83 37 80 96 149 50 104 38 214 102 5 30 35 104 53 123 58 131 47 68 41 106 177 28 103 47 91 96 13 90 97 42 61 89 12 60 107 103 83 136 152 33 122 34 113 120 66 76 107 14 64 107 17 49 94 38 65 133 90 57 29 20 98 72 93 132 113 82 40 34 52 
84 76 71 96 103 117 127 26 93 125 50 65 73 33 94 51 80 78 48 0 79 86 78 167 51 62 106 28 53 66 100 102 60 37 116 56 86 78 35 73 42 104 121 57 83 61 69 103 56 96 117 65 79 81 33 160 84 68 81 27 113 84 95 75 73 74 55 60 30 134 121 24 79 29 92 44 30 27 98 44 55 88 54 51 114 36 29 44 132 29 28 96 116 139 41 77 64 51 36 71 72 51 20 61 10 52 61 70 65 58 66 38 74 74 95 32 47 50 94 62 67 52 61 78 50 80 37 64 56 38 29 85 50 95 81 81 24 36 54 44 105 120 49 103 58 80 41 87 43 14 64 66 61 88 99 70 116 150 40 34 98 67 69 102 100 51 56 53 30 95 100 33 72 91 36 52 75 78 68 39 64 58 96 59 45 68 109 49 98 47 63 89 123 37 52 66 42 87 77 19 83 98 99 85 39 109 80 86 71 40 63 62 43 114 57 17 73 38 55 34 78 109 57 59 71 221 109 53 37 58 63 59 82 66 101 54 75 49 113 135 64 63 10 100 77 59 59 50 48 68 44 51 40 64 61 36 138 107 68 80 15 71 75 35 31 61 49 64 64 34 96 81 18 72 86 43 34 56 33 101 41 81 90 75 37 35 39 49 
14 78 135 168 144 38 126 104 81 129 116 14 72 46 140 52 127 89 31 79 0 7 81 169 127 44 158 81 51 14 172 174 19 44 147 51 36 123 97 82 120 107 197 134 4 36 10 180 128 96 123 36 147 138 53 162 86 89 159 92 115 86 94 78 75 113 125 71 108 209 186 101 78 50 124 36 99 53 170 58 24 92 78 29 174 105 50 37 204 107 51 166 37 139 52 79 62 29 60 127 101 28 80 139 88 27 70 9 116 136 118 116 73 113 170 47 122 96 172 138 17 28 48 44 85 82 61 17 25 45 107 19 62 94 117 159 55 46 25 122 41 197 32 119 79 127 119 109 42 74 66 141 112 16 101 122 188 225 59 110 19 28 10 23 135 29 23 79 108 97 146 95 136 90 43 95 114 75 119 100 77 22 98 131 121 144 134 64 66 91 70 30 145 115 27 27 38 106 50 97 11 132 102 136 73 109 78 85 84 49 77 63 121 35 23 62 137 114 44 111 125 179 63 135 44 222 111 26 47 31 134 71 153 65 161 58 77 49 115 207 34 133 78 98 125 20 120 128 65 69 120 28 90 137 133 114 149 183 39 152 65 143 151 97 107 138 30 93 137 46 33 123 69 74 164 121 88 25 46 116 103 122 162 143 113 54 41 81 
16 80 142 175 151 31 129 111 83 131 123 21 75 53 147 54 134 96 38 86 7 0 86 171 134 47 165 88 54 21 179 181 26 50 154 54 38 130 104 89 127 105 204 141 3 39 17 187 135 99 128 39 154 145 60 164 88 96 166 99 117 88 97 80 77 120 132 77 115 216 193 108 81 57 131 42 106 60 177 64 31 99 85 36 181 112 57 44 211 114 58 173 30 142 59 81 65 36 67 134 108 35 87 146 95 34 77 16 123 143 125 123 76 120 177 54 129 103 179 145 19 35 51 42 92 84 68 22 31 52 114 17 69 97 124 166 62 53 32 129 43 204 38 126 86 134 126 116 46 81 68 148 119 18 103 129 195 232 65 117 12 31 17 16 142 36 30 86 115 99 153 102 143 93 50 102 121 78 126 107 84 29 100 138 128 151 141 71 68 98 77 32 152 122 34 30 44 113 52 104 9 139 104 143 80 112 81 88 91 56 84 61 128 28 30 69 144 121 47 118 132 186 70 142 47 225 113 33 54 30 141 78 160 68 168 65 79 51 117 214 37 140 85 101 132 27 127 135 72 71 127 35 97 144 140 121 156 190 42 159 72 150 158 104 114 145 37 100 144 53 31 130 76 76 171 128 95 30 53 123 110 129 169 150 120 60 47 88 
81 13 59 92 68 114 53 74 88 49 40 78 30 90 64 35 51 12 72 78 81 86 0 89 67 57 82 51 43 89 96 98 81 112 71 50 82 47 43 5 77 181 121 60 84 57 72 104 52 19 42 60 71 62 47 82 6 13 105 51 35 6 39 6 11 37 49 137 70 133 110 56 25 64 48 89 49 73 94 121 76 13 24 81 98 45 64 46 128 76 95 90 112 61 39 12 42 62 43 51 25 60 98 87 86 72 19 74 40 134 42 78 29 37 94 91 46 29 147 64 94 94 56 121 28 13 42 94 56 43 80 97 29 50 41 112 67 43 76 86 100 122 98 43 20 51 90 33 117 65 18 65 36 85 21 46 112 149 116 52 95 64 71 99 59 54 76 25 95 17 70 45 60 36 55 27 38 67 43 40 14 88 18 55 59 69 58 30 93 32 16 84 69 68 61 63 108 30 72 68 91 56 21 60 117 32 50 41 8 39 15 138 87 112 82 79 61 53 50 63 49 103 23 66 66 143 31 75 42 107 58 20 77 34 85 26 9 38 35 131 60 57 88 67 49 63 44 104 31 23 60 60 39 61 57 70 70 109 63 76 64 67 78 44 54 72 58 17 61 55 111 47 62 12 151 74 45 101 52 39 39 46 86 67 45 111 106 30 
156 91 98 87 64 187 111 163 149 43 119 166 97 178 73 118 88 90 160 167 169 171 89 0 154 125 63 140 118 177 99 101 169 200 51 118 145 90 132 94 166 269 145 142 172 133 160 142 112 78 51 133 91 88 135 34 83 100 192 140 55 83 99 92 94 94 113 225 159 136 59 145 91 152 76 177 138 161 98 209 164 81 113 169 57 133 152 134 78 165 183 75 175 81 127 90 107 150 131 97 98 148 186 174 175 160 108 162 102 223 103 167 96 94 115 179 121 118 236 129 182 182 121 209 117 87 130 182 144 130 169 185 117 110 87 201 155 131 164 175 164 175 186 65 109 88 179 81 205 154 103 116 106 154 69 99 86 149 204 140 170 141 159 165 67 142 164 114 184 72 67 134 97 96 143 116 93 128 99 128 103 176 71 109 146 129 59 119 155 121 105 148 44 157 148 142 196 82 134 157 179 70 70 84 205 90 111 102 97 127 104 226 176 189 170 167 96 140 125 152 89 69 110 151 129 54 60 163 130 195 106 109 89 104 68 114 92 121 54 81 135 105 177 128 90 151 109 193 120 101 147 148 128 111 107 159 29 160 130 95 152 104 142 133 142 157 146 104 109 143 199 86 150 95 240 163 134 189 140 67 127 87 105 94 131 199 194 119 
132 69 57 70 90 165 118 25 140 112 36 113 83 82 81 87 67 66 96 51 127 134 67 154 0 109 92 46 95 114 58 57 108 87 103 102 134 65 31 62 13 119 71 12 131 109 117 53 42 86 104 112 65 67 74 147 73 56 38 36 100 73 93 66 67 61 41 75 21 84 106 27 79 77 79 93 29 75 59 74 103 76 50 99 100 23 77 91 99 22 79 81 164 127 75 69 94 99 67 57 60 99 50 20 41 100 59 118 52 70 52 14 82 61 45 81 33 38 83 25 116 101 108 127 44 71 66 113 104 83 24 133 65 103 68 47 72 81 102 22 152 70 98 90 51 67 26 74 93 53 70 39 48 136 88 56 74 100 72 17 146 115 117 150 87 99 104 49 32 84 87 32 58 90 84 40 62 119 55 29 55 106 85 45 8 25 96 63 145 38 60 136 110 14 100 114 93 74 124 32 132 85 86 71 59 99 102 94 60 79 54 94 23 162 105 67 59 14 102 18 65 90 66 8 118 208 96 101 80 108 49 57 67 86 87 71 66 90 102 98 112 49 51 120 64 107 46 40 62 76 7 99 38 44 47 15 125 56 115 61 62 52 24 30 20 11 97 52 46 82 145 68 58 67 87 9 39 105 81 88 28 68 51 61 23 77 90 47 
31 46 116 149 125 62 82 86 37 97 97 43 28 56 121 22 108 69 37 62 44 47 57 125 109 0 139 63 14 54 153 155 46 77 128 7 25 104 78 62 102 147 178 116 47 8 36 161 109 52 99 8 128 119 35 118 54 70 141 74 83 54 50 51 46 94 106 103 90 190 167 83 34 34 105 54 81 43 151 87 41 70 59 46 155 87 34 18 185 89 61 147 55 95 34 46 18 27 42 108 82 25 68 121 72 37 50 38 97 120 99 98 29 94 151 57 103 77 154 120 59 59 4 86 66 46 43 59 20 26 89 62 44 50 98 141 39 28 41 104 44 179 63 100 60 108 101 90 82 56 39 122 93 30 60 103 169 206 82 92 45 16 35 43 116 18 41 60 90 56 127 77 117 46 26 76 95 31 100 81 58 53 56 112 103 126 115 46 36 72 50 28 126 97 25 17 73 87 15 79 55 113 75 117 83 65 34 41 65 30 58 103 103 64 47 49 118 96 7 93 106 160 43 117 9 178 70 40 29 72 115 52 134 24 142 38 48 19 71 188 10 114 62 54 106 27 101 110 47 35 102 25 72 118 114 96 127 165 7 133 48 124 133 79 89 120 23 74 118 29 76 104 51 46 146 103 70 66 29 96 84 103 143 124 94 77 71 63 
163 95 35 24 15 196 135 102 170 47 57 146 112 123 20 117 31 72 129 106 158 165 82 63 92 139 0 82 125 148 36 38 141 142 15 132 164 35 72 77 104 209 82 80 162 139 148 79 50 101 44 142 29 26 106 64 87 69 130 80 60 87 121 88 93 45 51 165 98 73 28 84 107 111 35 129 77 111 35 149 136 72 81 133 16 72 111 122 47 104 126 12 194 108 106 94 124 131 99 36 58 130 125 112 113 133 89 149 44 161 42 105 111 45 52 123 59 64 174 67 150 136 138 163 74 95 98 147 135 114 107 166 96 132 42 139 107 112 135 113 182 112 134 43 79 31 117 51 148 95 100 53 48 167 84 38 34 86 145 78 177 146 148 181 24 130 137 80 122 88 14 74 34 118 116 65 44 149 41 68 82 140 88 47 84 67 27 94 175 69 89 166 19 95 131 145 139 54 154 95 163 27 68 22 144 114 132 123 74 110 82 167 114 193 139 109 33 78 132 90 33 23 96 89 148 117 74 134 111 144 43 87 26 116 5 101 91 120 80 50 142 43 115 149 33 138 48 131 93 105 85 130 72 48 45 97 34 97 145 32 98 41 80 72 80 95 128 65 46 114 178 35 94 94 178 101 75 141 113 46 66 36 42 32 69 141 136 78 
86 49 57 89 77 119 100 25 94 99 35 67 47 42 68 41 54 51 50 28 81 88 51 140 46 63 82 0 49 68 93 95 62 62 90 56 88 52 16 46 41 132 117 53 85 63 71 99 48 69 91 66 69 60 28 133 57 41 79 11 86 57 68 48 46 48 45 88 28 130 108 20 52 31 66 47 18 29 91 72 57 61 27 53 96 24 31 45 125 28 46 88 118 112 29 50 50 53 21 49 45 53 48 59 36 54 34 72 39 85 40 37 47 48 91 42 41 23 98 57 70 55 62 81 23 53 20 67 58 37 31 87 23 68 55 79 26 35 56 43 106 116 52 77 31 54 41 61 68 14 37 61 35 90 72 44 109 146 67 29 100 69 71 104 74 53 58 26 46 68 74 14 58 64 38 25 49 74 42 19 37 60 69 51 40 63 83 22 99 20 36 90 97 35 54 68 59 61 78 18 86 72 72 60 67 82 58 59 44 33 36 89 42 116 59 29 59 33 56 30 52 101 30 54 72 194 82 55 34 62 55 32 75 42 83 27 48 44 86 128 66 55 38 76 51 61 40 55 21 41 39 53 12 57 53 34 112 102 69 73 16 64 70 16 26 57 51 37 57 36 99 55 12 45 102 41 7 59 35 75 22 55 83 65 32 62 56 21 
38 32 102 135 111 71 75 73 45 83 83 50 21 63 107 8 94 55 44 53 51 54 43 118 95 14 125 49 0 61 139 141 53 84 114 7 39 90 64 48 89 154 164 102 54 15 43 147 95 45 85 17 114 105 22 111 40 56 128 60 69 40 43 37 32 80 92 110 77 176 153 69 27 38 91 61 67 47 137 94 48 56 45 53 141 73 38 17 171 76 68 133 69 88 20 32 12 34 28 94 68 32 72 108 62 44 36 45 83 111 85 85 22 80 137 64 89 63 141 106 66 66 13 93 52 32 29 66 27 15 76 69 30 43 84 128 41 17 48 91 57 165 70 86 46 94 88 76 89 43 25 108 79 42 51 89 155 192 89 78 52 23 42 56 102 25 48 46 77 47 113 63 103 39 29 62 81 25 86 67 44 60 48 98 89 112 101 32 50 58 36 41 112 84 32 24 80 73 29 66 62 99 61 103 90 58 28 34 51 16 44 110 90 71 54 53 104 82 7 79 92 146 29 103 23 171 61 47 16 79 101 38 120 14 128 24 34 5 64 174 17 100 63 48 92 34 87 97 33 21 88 32 58 104 100 83 113 151 20 119 38 110 119 65 75 106 30 60 104 29 83 90 38 32 133 90 56 73 26 82 70 89 129 110 80 84 78 49 
26 86 124 157 134 52 136 91 91 137 103 11 82 33 130 61 117 90 19 66 14 21 89 177 114 54 148 68 61 0 161 163 8 30 138 61 47 113 84 85 107 95 185 121 18 46 19 167 116 106 131 47 136 127 43 170 94 81 146 79 123 94 104 86 83 103 113 57 95 198 175 88 88 37 114 22 86 40 159 44 13 100 67 15 163 92 37 44 193 94 38 155 51 149 51 87 72 27 49 116 91 29 67 126 75 17 71 17 105 123 107 103 83 103 159 34 109 85 159 125 5 14 58 32 74 90 50 5 35 47 94 20 61 104 107 146 42 46 13 109 53 184 18 118 71 117 106 102 30 61 74 129 101 28 109 111 177 214 45 97 33 39 20 37 125 36 13 68 95 105 136 82 125 100 34 84 104 85 108 87 76 8 106 119 108 131 125 60 77 80 73 41 140 102 30 38 24 101 61 84 18 122 110 126 60 119 88 95 83 50 75 51 108 49 9 49 126 101 54 98 115 168 67 122 55 231 119 14 47 19 123 70 142 75 150 64 85 58 123 196 45 122 65 108 115 28 108 115 59 78 107 29 78 125 121 101 153 170 50 141 52 132 138 84 94 125 31 83 125 34 32 113 56 82 151 108 75 13 37 115 90 112 151 132 100 40 27 71 
177 109 37 12 37 210 149 74 184 65 58 159 126 129 37 131 45 86 142 100 172 179 96 99 58 153 36 93 139 161 0 2 154 136 49 146 178 49 78 91 71 176 46 46 176 153 162 43 45 115 62 156 25 35 119 94 101 83 95 83 76 101 135 102 107 59 48 133 70 37 49 76 121 124 51 140 76 122 2 123 149 86 94 146 43 69 124 136 41 72 126 24 208 123 120 108 138 144 112 45 72 144 99 77 90 146 103 163 56 127 54 72 125 59 16 128 54 76 140 38 163 148 152 174 87 109 111 160 149 128 75 179 110 146 56 104 119 126 148 79 196 76 145 59 93 45 83 65 142 100 114 34 60 181 98 50 16 53 121 66 191 160 162 195 42 144 150 93 90 102 34 79 36 132 129 77 58 163 54 74 96 153 102 42 55 33 45 108 189 81 103 180 55 64 145 159 140 68 168 81 177 45 82 37 112 128 146 137 88 124 96 143 80 207 152 114 35 62 146 67 47 32 110 54 162 153 89 147 125 155 39 101 20 130 31 115 105 134 95 41 156 40 100 163 47 152 53 97 107 119 56 144 84 37 40 65 70 61 159 20 109 29 45 77 69 60 142 79 36 127 191 49 105 108 144 67 86 152 126 62 71 50 10 29 63 126 137 91 
179 111 39 14 39 212 151 76 186 67 60 161 128 131 39 133 47 88 144 102 174 181 98 101 57 155 38 95 141 163 2 0 156 138 51 148 180 51 80 93 69 174 44 45 178 155 164 41 47 117 64 158 27 37 121 96 103 85 93 85 78 103 137 104 109 61 50 131 72 35 51 78 123 126 53 142 78 124 4 125 151 88 96 148 45 71 126 138 43 73 128 26 210 125 122 110 140 146 114 47 74 146 101 75 92 148 105 165 58 125 56 71 127 61 14 130 56 78 138 40 165 150 154 176 89 111 113 162 151 130 75 181 112 148 58 102 121 128 150 77 198 74 147 61 95 47 81 67 144 102 116 36 62 183 100 52 18 51 123 68 193 162 164 197 44 146 152 95 88 104 36 81 38 134 131 79 60 165 56 76 98 155 104 44 57 34 47 110 191 83 105 182 57 65 147 161 142 70 170 83 179 47 84 39 111 130 148 139 90 126 98 145 78 209 154 116 37 64 148 69 49 34 112 52 164 155 91 149 127 157 41 103 22 132 33 117 107 136 97 43 158 42 102 165 49 154 55 95 109 121 58 146 86 39 42 66 72 59 161 22 111 31 43 79 71 58 144 81 38 129 193 51 107 110 142 66 88 154 128 64 73 52 12 31 65 128 139 93 
24 78 117 150 127 57 128 85 83 129 97 5 74 27 123 53 110 82 12 60 19 26 81 169 108 46 141 62 53 8 154 156 0 33 131 53 40 106 78 77 101 103 179 115 23 38 12 161 110 98 123 39 129 120 35 162 86 73 140 73 115 86 96 78 75 96 107 60 89 191 168 82 80 31 107 17 80 34 152 44 5 92 60 10 156 86 31 36 186 88 32 148 56 141 43 79 64 19 42 109 84 21 61 120 69 9 63 10 98 117 100 97 75 96 152 28 103 78 153 119 13 14 50 40 67 82 43 13 27 39 88 25 53 96 100 140 36 38 6 103 46 178 19 110 63 110 100 94 38 55 66 123 94 28 101 104 170 207 41 91 38 31 13 42 118 28 5 61 89 97 129 76 118 92 26 77 97 77 101 81 68 8 98 113 102 125 118 52 70 73 65 34 132 96 22 30 29 93 53 78 24 115 102 119 54 111 80 87 75 42 67 59 102 54 4 43 119 95 46 92 108 161 59 116 47 223 111 7 39 27 116 62 135 67 143 56 77 50 115 189 37 115 59 100 108 20 102 109 51 70 101 21 72 119 115 95 145 164 42 134 46 125 132 78 88 119 23 76 119 27 37 106 50 74 145 102 69 21 29 107 84 105 144 125 94 36 27 64 
51 109 108 133 138 81 159 62 114 160 86 35 105 22 129 84 115 113 40 37 44 50 112 200 87 77 142 62 84 30 136 138 33 0 151 84 71 113 70 108 78 71 157 93 47 69 43 139 93 129 152 70 116 117 66 193 117 103 117 62 146 117 127 109 106 109 92 27 66 170 158 61 111 48 127 23 65 39 134 15 37 123 89 31 151 72 48 67 169 65 17 133 80 172 74 110 95 50 70 106 107 52 37 97 46 41 94 41 100 94 101 74 106 109 131 21 84 85 130 98 31 19 81 42 85 113 71 28 58 70 65 49 84 127 116 117 46 69 37 80 77 156 14 138 93 115 77 122 6 48 97 103 96 55 132 105 152 186 15 71 62 63 44 66 135 59 37 88 66 128 135 68 109 123 58 87 110 108 103 74 99 25 129 96 81 104 144 83 101 82 96 65 158 73 53 62 6 122 84 56 47 133 133 120 30 142 111 118 106 73 98 27 79 78 31 33 110 75 77 70 113 146 90 95 78 254 142 38 70 22 100 93 119 98 138 87 108 81 146 172 68 100 36 131 112 52 94 86 82 101 80 52 74 101 98 72 173 143 73 117 49 108 111 70 68 97 54 99 101 57 60 116 52 105 122 79 68 20 60 136 76 116 126 112 74 10 6 83 
152 84 47 37 13 185 123 112 159 33 68 135 101 131 22 106 37 59 119 116 147 154 71 51 103 128 15 90 114 138 49 51 131 151 0 121 153 39 81 66 115 220 95 91 151 128 137 92 61 89 30 131 40 37 96 49 75 58 141 89 47 75 110 77 82 43 62 176 108 86 43 94 96 108 25 132 87 116 48 160 126 59 71 126 31 82 108 111 62 114 135 25 183 95 95 83 113 120 89 46 48 119 136 123 124 122 78 138 51 172 52 116 100 43 65 131 70 68 185 78 141 138 127 165 70 84 88 140 124 103 118 155 85 121 36 150 109 101 125 124 171 124 141 29 68 37 128 38 157 103 89 65 55 156 71 48 49 99 156 89 166 135 137 170 16 119 126 70 133 75 16 83 46 107 105 66 42 138 48 77 71 133 75 58 95 78 13 83 164 71 78 155 7 106 120 134 148 41 143 106 152 19 55 33 155 102 121 112 63 99 71 178 125 182 129 118 45 89 121 101 38 38 85 100 137 105 61 124 100 150 55 76 39 105 18 90 80 109 67 65 131 54 126 138 39 127 58 142 82 94 96 119 79 60 56 108 22 109 134 45 105 53 91 82 91 106 117 56 58 104 168 35 101 83 189 112 83 144 102 33 76 36 55 43 80 151 145 72 
38 39 109 142 118 69 75 80 38 90 90 50 21 63 114 15 101 62 44 56 51 54 50 118 102 7 132 56 7 61 146 148 53 84 121 0 32 97 71 55 96 154 171 109 54 15 43 154 102 45 92 15 121 112 29 111 47 63 135 67 76 47 43 44 39 87 99 110 84 183 160 76 27 38 98 61 74 47 144 94 48 63 52 53 148 80 38 17 178 83 68 140 62 88 27 39 12 34 35 101 75 32 72 115 66 44 43 45 90 114 92 92 22 87 144 64 96 70 148 113 66 66 6 93 59 39 36 66 27 20 83 69 37 43 91 135 41 22 48 98 51 172 70 93 53 101 95 83 89 50 32 115 86 36 53 96 162 199 89 85 52 23 42 50 109 25 48 53 84 49 120 70 110 39 29 69 88 25 93 74 51 60 49 105 96 119 108 39 43 65 43 35 119 91 32 24 80 80 22 73 62 106 68 110 90 58 28 34 58 23 51 110 97 71 54 53 111 89 7 86 99 153 36 110 16 171 63 47 23 79 108 45 127 17 135 31 41 12 64 181 17 107 63 48 99 34 94 104 40 28 95 32 65 111 107 90 120 158 14 126 43 117 126 72 82 113 30 67 111 29 83 97 45 39 140 97 63 73 27 89 77 96 136 117 87 84 78 56 
23 70 141 174 150 53 91 111 45 121 122 36 52 56 146 47 133 94 41 86 36 38 82 145 134 25 164 88 39 47 178 180 40 71 153 32 0 129 103 87 127 141 203 141 38 26 28 186 134 68 124 22 153 144 60 127 78 95 166 99 107 78 59 76 71 119 131 98 115 215 192 108 58 58 130 50 106 60 176 82 36 94 84 42 180 112 58 43 210 114 61 172 30 104 59 70 40 36 67 133 107 36 88 146 96 37 75 30 122 144 124 123 53 119 176 57 128 102 179 145 52 52 26 79 91 70 68 52 30 51 114 55 69 59 123 166 63 53 36 129 19 204 57 124 85 133 126 115 76 81 64 147 118 20 84 128 194 231 78 117 36 19 27 29 141 35 36 85 115 80 152 102 142 56 50 101 120 40 125 106 83 46 80 137 128 151 140 71 30 97 75 6 150 122 35 20 67 112 14 104 47 138 99 142 83 74 43 50 90 55 83 97 128 55 41 70 143 121 32 118 131 185 68 142 16 187 94 36 54 66 140 77 159 48 167 63 73 44 91 213 23 139 86 63 131 28 126 135 72 59 127 36 97 143 139 121 151 190 19 158 72 149 158 104 114 145 37 99 143 53 69 129 76 71 171 128 95 59 53 120 109 128 168 149 119 73 66 88 
128 60 13 45 26 161 100 74 135 48 30 111 77 93 17 82 4 37 94 78 123 130 47 90 65 104 35 52 90 113 49 51 106 113 39 97 129 0 43 42 77 182 75 53 127 104 113 58 23 66 40 107 24 15 71 83 52 34 103 51 36 52 86 53 58 10 24 138 70 86 63 56 72 76 15 94 49 78 47 122 101 37 46 98 51 44 76 87 81 76 97 43 159 74 71 59 89 96 64 8 23 95 98 85 86 98 54 114 13 134 13 78 76 10 47 93 32 29 147 40 115 101 103 128 39 60 63 112 100 79 80 131 61 97 7 112 72 77 100 86 147 86 102 26 44 4 90 16 119 65 65 27 17 132 49 9 65 102 118 51 142 111 113 146 23 95 102 45 95 53 23 45 14 83 81 30 10 114 10 39 47 105 53 20 57 40 32 59 140 34 54 131 46 68 96 110 110 19 119 68 128 21 33 13 117 79 97 88 39 75 47 140 87 158 104 80 14 51 97 63 2 56 61 62 113 144 40 99 76 112 17 52 30 81 38 66 56 85 46 84 107 16 88 114 2 103 20 104 58 70 58 95 40 22 18 70 61 71 110 29 66 21 53 44 53 68 93 30 20 79 143 4 63 59 151 74 45 106 78 24 38 3 39 20 42 113 107 43 
102 41 42 74 68 135 92 31 109 90 20 83 52 52 59 56 45 43 66 35 97 104 43 132 31 78 72 16 64 84 78 80 78 70 81 71 103 43 0 38 34 139 102 38 101 78 87 84 33 61 82 81 54 47 44 125 49 33 64 8 78 49 62 40 38 39 30 95 27 115 93 13 48 47 57 63 6 45 76 79 73 53 19 69 82 9 47 61 110 33 54 73 133 104 45 42 63 69 37 36 37 69 55 44 43 70 28 88 30 91 31 35 51 39 76 51 26 15 104 42 86 71 77 97 15 45 36 83 74 53 37 103 35 72 46 69 42 51 72 43 121 101 68 68 23 45 47 52 76 23 39 46 26 106 64 35 94 131 75 14 116 85 87 120 65 69 74 18 52 60 65 2 43 59 54 17 40 88 33 4 29 76 61 36 25 48 74 33 114 12 29 105 88 25 70 84 67 52 93 25 102 63 64 50 74 74 71 63 36 49 28 97 44 132 75 37 44 18 71 20 43 86 35 39 87 186 74 71 50 78 40 26 60 55 69 40 40 59 78 113 81 40 45 89 42 77 25 61 32 45 24 69 7 42 38 27 103 87 84 58 32 49 55 1 11 42 67 29 42 52 115 46 28 37 108 31 9 75 51 66 7 46 68 50 17 70 64 16 
86 18 54 87 63 119 58 69 93 54 35 74 35 86 59 40 46 7 68 73 82 89 5 94 62 62 77 46 48 85 91 93 77 108 66 55 87 42 38 0 72 177 116 55 86 62 72 99 47 24 46 65 66 57 42 87 11 8 100 46 40 11 44 11 16 32 44 133 65 128 105 51 30 60 43 85 44 69 89 117 72 15 19 77 93 40 60 45 123 71 91 85 117 66 35 17 47 58 38 46 20 56 93 82 81 68 14 73 35 129 37 73 34 32 89 87 41 24 142 59 90 90 61 117 23 18 37 90 58 38 75 93 25 55 36 107 63 39 72 81 105 117 94 38 15 46 85 28 113 60 23 60 31 90 26 41 107 144 112 47 100 69 72 104 54 53 72 20 90 22 65 40 55 41 51 22 33 72 38 35 9 84 23 50 54 64 53 25 98 27 12 89 64 63 56 68 104 25 77 63 88 51 26 55 112 37 55 46 3 35 10 134 82 117 78 75 56 48 55 58 44 98 19 61 71 148 36 71 38 103 53 16 72 39 80 24 14 43 40 126 65 52 83 72 44 62 39 99 26 28 55 56 34 56 52 65 68 104 68 71 59 62 73 39 49 67 54 12 56 51 107 42 57 17 146 69 40 97 48 34 34 41 81 62 40 107 102 25 
